20.149076967173556 -2.437386868102937
21.255891877784144 -5.313358452100344
24.311534128930916 -15.6980837921151
17.584718692620868 -33.27123101962419
-5.293865556283841 -45.58523037247913
-36.33825090158472 -38.14743652996377
-56.844932459682155 -8.145904740242084
-51.41047756222728 30.49031576522309
-20.710198674857327 55.851789081631864
17.955747263470997 53.91516278339512
43.14395376065218 28.54449986746698
44.589023219178245 -2.496791159713476
28.9091723524419 -21.862377282715098
11.61399819422055 -25.0747149205904
3.025828607642829 -20.96978305574351
0.5830242649042052 -20.71368120808736
-6.108052592044835 -25.9143819934555
-22.6792689481984 -26.828041062856435
-41.86740196069873 -12.33817066423283
-47.85615915426087 17.434923799157467
-29.853073917785846 47.738453056732865
6.9130780519060755 58.954358449869275
42.83655570709461 41.853355360901766
57.59802691787887 5.5128151047116996
44.85723254440734 -28.990183341436893
15.971041740948703 -44.044486319596324
-10.008433879246772 -37.417848437145345
-21.280319523992453 -21.161474042932657
-20.58004242879352 -9.315178379881544
-19.272102848618847 -5.666012930180873
-24.402293450556215 -2.2663942573856257
-30.88344456533555 10.501455699107016
-26.116368900679426 31.993954342395043
-2.9527531557542197 48.934570826667766
30.890342739336027 45.49683774310341
56.08828507490625 17.441236671024367
55.76077597314833 -22.152338818391822
28.810988689460473 -51.13964606171086
-8.728420873516228 -54.21608147199875
-35.62864092685086 -33.51256127352263
-40.81304500981197 -5.385254350965859
-29.581621286711652 13.414865405872424
-16.228285540165484 18.21729913412217
-10.28043183606 17.237430103878573
-8.75831915141724 20.921628106637844
-1.0656139291845008 30.127513851194692
18.407446548210068 34.23526578885899
41.93192040981234 21.160978362761718
52.61192671031414 -9.696309805256403
38.14998409584078 -43.5716396213316
2.4373868681028594 -59.850923032826444
-35.40995480792927 -47.60347028253143
-54.406450611393915 -14.228759799206351
-46.68929380963431 20.097579418870954
-21.961003667682267 37.572278042035805
1.8281965507998343 34.94227103348454
13.169146302587096 22.99720581457956
14.476354462947246 14.755968379737723
16.534375115649617 13.35214465034877
25.72979438485134 10.427082197990018
36.176859682529084 -3.8788664227455136
34.26862241049615 -28.831346835540145
11.835718597571148 -50.46000375271631
-23.957849371647644 -51.598402795834744
-53.41233581531657 -26.424135607131383
-58.30138603952366 13.097781468122728
-35.72667742860744 44.88586658785045
-0.27099255676681366 52.59119256813966
27.328675831090774 36.71557809759644
35.47002542673464 12.152726416175934
28.346068246879497 -5.131714367789964
19.11898250523047 -10.538381259817417
16.46413483281117 -11.927212767200487
16.806473378426677 -19.225467936276562
9.094992368248672 -32.62942034588325
-12.524056175327365 -40.59750075397512
-40.06880445314503 -29.903624852435357
-55.6620208112229 1.0389689591456541
-45.448590094413504 37.73744776491948
-11.785446381542542 58.80123810648094
26.987753807381292 51.68222785305608
49.50742987132958 22.021504660556886
46.58902571589984 -11.125863733821436
26.3358906896704 -30.051786775377387
5.4970814367917775 -30.750716682727035
-4.926479467805489 -22.926782172704552
-7.297625396382015 -18.621342897911944
-12.072754928344192 -20.221575602777826
-25.15309463315964 -18.755079558660576
-39.90780878119572 -3.856809676068254
-41.637565832431946 23.908314540183937
-20.943530471354116 50.063335881534755
15.845044191083602 56.157878657116136
48.929015838086286 34.68623839211057
58.920510167623995 -3.7350775890719365
41.15300808387494 -37.38485390834798
8.630877809460772 -49.13878749195104
-18.648117636511138 -38.028604419446395
-28.843984122880624 -17.492607693194994
-25.287722538983637 -2.573329164189129
-20.149076967173592 2.4373868681029984
-21.255891877784027 5.313358452100463
-24.31153412893092 15.698083792115092
-17.58471869262057 33.271231019624004
5.293865556283688 45.58523037247918
36.33825090158432 38.14743652996373
56.84493245968199 8.145904740242582
51.410477562227356 -30.490315765222945
20.71019867485769 -55.85178908163178
-17.95574726347074 -53.91516278339523
-43.143953760652074 -28.544499867467145
-44.58902321917862 2.496791159713073
-28.90917235244217 21.86237728271503
-11.613998194220382 25.074714920590832
-3.02582860764311 20.96978305574342
-0.583024264903802 20.713681208087245
6.108052592044462 25.914381993455756
22.679268948198438 26.828041062856496
41.867401960698444 12.33817066423288
47.85615915426082 -17.43492379915721
29.85307391778596 -47.73845305673277
-6.913078051905426 -58.95435844986929
-42.83655570709435 -41.85335536090203
-57.59802691787879 -5.512815104711854
-44.85723254440781 28.990183341436545
-15.971041740949191 44.04448631959624
10.008433879246967 37.417848437145395
21.280319523993015 21.161474042932817
20.58004242879395 9.31517837988132
19.272102848618882 5.6660129301806705
24.40229345055568 2.2663942573850804
30.883444565334948 -10.501455699106927
26.116368900679543 -31.99395434239473
2.9527531557545963 -48.93457082666761
-30.890342739335736 -45.49683774310359
-56.088285074906295 -17.441236671024477
-55.760775973148405 22.152338818391605
-28.810988689460935 51.13964606171066
8.728420873516285 54.21608147199876
35.62864092685052 33.51256127352278
40.81304500981231 5.3852543509661075
29.581621286712043 -13.414865405872845
16.22828554016552 -18.217299134122246
10.280431836059497 -17.237430103878957
8.75831915141692 -20.92162810663765
1.0656139291846252 -30.127513851194514
-18.407446548209855 -34.23526578885907
-41.93192040981218 -21.1609783627621
-52.61192671031438 9.6963098052562
-38.14998409584135 43.57163962133109
-2.4373868681030872 59.850923032826415
35.40995480792931 47.603470282531404
54.406450611394085 14.228759799206852
46.68929380963472 -20.09757941887087
21.961003667682352 -37.57227804203593
-1.8281965507999125 -34.942271033485284
-13.169146302587357 -22.99720581457988
-14.476354462947924 -14.755968379737357
-16.534375115649606 -13.352144650348551
-25.729794384851207 -10.427082197989575
-36.17685968252906 3.878866422745304
-34.26862241049567 28.831346835539883
-11.83571859757145 50.46000375271622
23.95784937164754 51.59840279583471
53.41233581531657 26.424135607131475
58.30138603952384 -13.0977814681221
35.726677428608 -44.885866587850174
0.2709925567671334 -52.59119256813968
-27.32867583109061 -36.71557809759692
-35.47002542673485 -12.152726416176275
-28.346068246879558 5.1317143677898205
-19.11898250523047 10.53838125981762
-16.46413483281141 11.927212767200205
-16.806473378426755 19.225467936276615
-9.094992368249034 32.62942034588296
12.524056175327315 40.597500753974956
40.06880445314518 29.903624852435293
55.66202081122252 -1.0389689591458815
45.44859009441344 -37.737447764919324
11.785446381542908 -58.80123810648087
-26.98775380738113 -51.68222785305649
-49.507429871329144 -22.021504660557902
-46.5890257159002 11.125863733821054
-26.33589068967059 30.051786775377252
-5.497081436791731 30.750716682727216
4.926479467805668 22.926782172704648
7.297625396383262 18.62134289791145
12.072754928344256 20.221575602777637
25.153094633159508 18.755079558660697
39.90780878119583 3.856809676068176
41.637565832432415 -23.908314540183078
20.94353047135428 -50.063335881534385
-15.845044191083252 -56.15787865711623
-48.92901583808606 -34.68623839211086
-58.920510167624016 3.735077589071288
-41.15300808387518 37.384853908347736
-8.630877809461273 49.13878749195153
18.64811763651147 38.02860441944626
28.84398412288006 17.492607693195172
25.287722538984056 2.573329164188877
20.149076967173578 -2.4373868681029216
