60 1.469576158976824e-14
40.00950320094233 -39.5675303435537
2.3835884540283523 -45.76880310133447
-16.258651755734277 -26.75402510815624
-12.917485967858433 -15.676575970760204
-15.886494155631961 -21.288309290386444
-37.41440446584478 -17.33067324511705
-51.4383154846621 14.540377301389604
-29.77965145757672 51.60334695415655
15.006000089783209 56.36409006961444
42.532540417602 26.180339887499006
36.0819698457967 -4.104215581923411
20.31292483000649 -9.987127085869206
21.425372180020183 -7.301441606040182
28.4159242259609 -22.611686887101822
11.562751882158166 -48.58734361859649
-29.24458588166203 -50.46627472560533
-57.546470050230624 -15.431683076182008
-46.653981082841185 26.090782301193986
-14.201342537704594 38.71061568600567
3.819660112501083 26.286555605956753
1.950971250956 20.219055098465343
7.421349668582128 30.414555487442687
34.04888259914686 30.67797948034415
56.269460046022544 -0.3125220045598258
42.42640687119291 -42.426406871192796
0.3125220045599768 -56.26946004602253
-30.677979480344028 -34.04888259914692
-30.414555487442716 -7.421349668582117
-20.21905509846536 -1.9509712509559662
-26.28655560595677 -3.8196601125011966
-38.710615686005696 14.201342537704447
-26.090782301193997 46.65398108284098
15.431683076181848 57.546470050230624
50.46627472560531 29.24458588166219
48.587343618596364 -11.56275188215809
22.611686887101936 -28.41592422596103
7.301441606040324 -21.425372180020076
9.987127085869105 -20.312924830006466
4.104215581923533 -36.0819698457968
-26.18033988749883 -42.53254041760186
-56.36409006961432 -15.006000089783548
-51.60334695415665 29.779651457576602
-14.54037730138986 51.43831548466203
17.33067324511707 37.41440446584484
21.28830929038651 15.886494155631972
15.67657597076024 12.917485967858335
26.754025108156252 16.258651755734313
45.76880310133441 -2.3835884540282493
39.567530343553706 -40.00950320094218
-3.7138838195303836e-17 -60
-39.567530343553656 -40.009503200942476
-45.7688031013344 -2.3835884540283594
-26.75402510815628 16.258651755734235
-15.676575970760357 12.917485967858164
-21.28830929038669 15.886494155631851
-17.33067324511701 37.41440446584466
14.540377301389622 51.43831548466214
51.603346954156486 29.779651457576833
56.36409006961438 -15.006000089783132
26.180339887499066 -42.53254041760183
-4.104215581923178 -36.081969845796685
-9.987127085868899 -20.312924830006512
-7.301441606040157 -21.425372180020194
-22.61168688710178 -28.415924225960627
-48.58734361859619 -11.562751882158132
-50.46627472560532 29.24458588166204
-15.431683076182132 57.5464700502306
26.09078230119396 46.65398108284114
38.71061568600565 14.201342537704722
26.286555605956845 -3.8196601125010687
20.21905509846534 -1.9509712509560417
30.41455548744251 -7.421349668582138
30.67797948034412 -34.04888259914685
-0.31252200455996615 -56.2694600460226
-42.42640687119281 -42.426406871192896
-56.269460046022644 -0.3125220045603463
-34.0488825991471 30.677979480343957
-7.4213496685820814 30.414555487442467
-1.9509712509557895 20.21905509846542
-3.8196601125009924 26.286555605956522
14.201342537704454 38.71061568600565
46.653981082840914 26.09078230119425
57.5464700502307 -15.431683076181736
29.244585881662182 -50.46627472560533
-11.56275188215811 -48.58734361859638
-28.415924225960776 -22.611686887102188
-21.42537218001999 -7.301441606040367
-20.312924830006434 -9.987127085868924
-36.08196984579646 -4.104215581923105
-42.53254041760194 26.18033988749875
-15.006000089783555 56.36409006961439
29.779651457576488 51.603346954156706
51.43831548466215 14.540377301389483
37.414404465844854 -17.330673245117097
15.88649415563211 -21.28830929038644
12.91748596785817 -15.676575970760322
16.258651755734792 -26.75402510815633
-2.3835884540282173 -45.76880310133458
-40.00950320094217 -39.56753034355389
-60 -4.1155560218990125e-13
-40.00950320094261 39.567530343553635
-2.383588454028267 45.768803101334306
16.258651755734842 26.754025108156597
12.917485967858331 15.676575970760275
15.886494155631972 21.288309290386255
37.41440446584452 17.33067324511724
51.438315484661956 -14.540377301389242
29.779651457576712 -51.60334695415658
-15.00600008978303 -56.36409006961447
-42.5325404176019 -26.180339887499194
-36.081969845796856 4.10421558192321
-20.312924830006473 9.987127085868806
-21.42537218001962 7.30144160604063
-28.415924225961223 22.611686887101666
-11.562751882158047 48.5873436185963
29.244585881661468 50.46627472560569
57.546470050230596 15.431683076182258
46.653981082841014 -26.09078230119404
14.201342537704619 -38.71061568600557
-3.8196601125010226 -26.28655560595675
-1.9509712509559405 -20.219055098465343
-7.421349668581975 -30.414555487443096
-34.04888259914691 -30.67797948034439
-56.269460046022594 0.31252200455958423
-42.42640687119319 42.42640687119252
-0.3125220045599306 56.269460046022665
30.677979480344295 34.04888259914717
30.414555487443213 7.421349668582106
20.219055098465383 1.950971250955881
26.286555605956618 3.8196601125010368
38.71061568600551 -14.20134253770438
26.090782301194277 -46.65398108284078
-15.431683076181889 -57.546470050230674
-50.46627472560509 -29.244585881662807
-48.58734361859648 11.562751882157787
-22.61168688710188 28.41592422596124
-7.301441606040342 21.425372180020204
-9.987127085868742 20.312924830006402
-4.104215581923871 36.08196984579691
26.180339887498885 42.532540417601965
56.36409006961433 15.006000089783374
51.60334695415679 -29.779651457576396
14.540377301389576 -51.438315484661956
-17.33067324511683 -37.41440446584472
-21.288309290386337 -15.886494155632079
-15.676575970760133 -12.917485967858497
-26.754025108156426 -16.25865175573485
-45.76880310133433 2.383588454027759
-39.56753034355407 40.00950320094216
2.950293969412238e-14 60
39.56753034355369 40.009503200942476
45.76880310133517 2.383588454028775
26.75402510815694 -16.258651755734878
15.676575970760311 -12.917485967858237
21.288309290386046 -15.886494155631787
17.330673245117296 -37.41440446584521
-14.540377301390139 -51.43831548466205
-51.603346954156194 -29.77965145757728
-56.36409006961469 15.006000089782978
-26.180339887499763 42.53254041760184
4.104215581923475 36.08196984579628
9.98712708586898 20.31292483000662
7.30144160604036 21.425372180019888
22.611686887101477 28.415924225960605
48.58734361859646 11.562751882158237
50.46627472560547 -29.244585881661838
15.431683076182374 -57.546470050230525
-26.090782301193627 -46.653981082841476
-38.71061568600528 -14.20134253770471
-26.286555605956565 3.819660112500701
-20.219055098465315 1.9509712509561261
-30.414555487442833 7.421349668581765
-30.67797948034412 34.04888259914711
0.3125220045594457 56.269460046022715
42.426406871192825 42.426406871192874
56.269460046022814 0.31252200456056656
34.04888259914751 -30.677979480344685
7.421349668581833 -30.41455548744273
1.9509712509557158 -20.219055098465475
3.819660112500479 -26.28655560595616
-14.20134253770356 -38.71061568600578
-46.65398108284138 -26.090782301194274
-57.5464700502308 15.43168307618121
-29.24458588166244 50.4662747256053
11.562751882157897 48.58734361859692
28.41592422596144 22.611686887101676
21.425372180020297 7.301441606040164
20.3129248300064 9.987127085869119
36.081969845796124 4.104215581923045
42.53254041760266 -26.180339887498526
15.006000089783521 -56.36409006961438
-29.779651457576264 -51.60334695415682
-51.43831548466231 -14.540377301389722
-37.41440446584401 17.33067324511649
-15.88649415563226 21.288309290386547
-12.917485967857836 15.676575970760489
-16.25865175573387 26.75402510815568
2.383588454027908 45.76880310133504
40.009503200942454 39.56753034355377
60 9.787270702993412e-14
