60 1.469576158976824e-14
40.00950320094233 -39.5675303435537
2.3835884540283523 -45.76880310133447
-16.258651755734277 -26.75402510815624
-12.917485967858433 -15.676575970760204
-15.886494155631961 -21.288309290386444
-37.41440446584478 -17.33067324511705
-51.4383154846621 14.540377301389604
-29.77965145757672 51.60334695415655
15.006000089783209 56.36409006961444
42.532540417602 26.180339887499006
36.0819698457967 -4.104215581923411
20.31292483000649 -9.987127085869206
21.425372180020183 -7.301441606040182
28.4159242259609 -22.611686887101822
11.562751882158166 -48.58734361859649
-29.24458588166203 -50.46627472560533
-57.546470050230624 -15.431683076182008
-46.653981082841185 26.090782301193986
-14.201342537704594 38.71061568600567
3.819660112501083 26.286555605956753
1.950971250956 20.219055098465343
7.421349668582128 30.414555487442687
34.04888259914686 30.67797948034415
56.269460046022544 -0.3125220045598258
42.42640687119291 -42.426406871192796
0.3125220045599768 -56.26946004602253
-30.677979480344028 -34.04888259914692
-30.414555487442716 -7.421349668582117
-20.21905509846536 -1.9509712509559662
-26.28655560595677 -3.8196601125011966
-38.710615686005696 14.201342537704447
-26.090782301193997 46.65398108284098
15.431683076181848 57.546470050230624
50.46627472560531 29.24458588166219
48.587343618596364 -11.56275188215809
22.611686887101936 -28.41592422596103
7.301441606040324 -21.425372180020076
9.987127085869105 -20.312924830006466
4.104215581923533 -36.0819698457968
-26.18033988749883 -42.53254041760186
-56.36409006961432 -15.006000089783548
-51.60334695415665 29.779651457576602
-14.54037730138986 51.43831548466203
17.33067324511707 37.41440446584484
21.28830929038651 15.886494155631972
15.67657597076024 12.917485967858335
26.754025108156252 16.258651755734313
45.76880310133441 -2.3835884540282493
39.567530343553706 -40.00950320094218
-3.7138838195303836e-17 -60
-39.567530343553656 -40.009503200942476
-45.7688031013344 -2.3835884540283594
-26.75402510815628 16.258651755734235
-15.676575970760357 12.917485967858164
-21.28830929038669 15.886494155631851
-17.33067324511701 37.41440446584466
14.540377301389622 51.43831548466214
51.603346954156486 29.779651457576833
56.36409006961438 -15.006000089783132
26.180339887499066 -42.53254041760183
-4.104215581923178 -36.081969845796685
-9.987127085868899 -20.312924830006512
-7.301441606040157 -21.425372180020194
-22.61168688710178 -28.415924225960627
-48.58734361859619 -11.562751882158132
-50.46627472560532 29.24458588166204
-15.431683076182132 57.5464700502306
26.09078230119396 46.65398108284114
38.71061568600565 14.201342537704722
26.286555605956845 -3.8196601125010687
20.21905509846534 -1.9509712509560417
30.41455548744251 -7.421349668582138
30.67797948034412 -34.04888259914685
-0.31252200455996615 -56.2694600460226
-42.42640687119281 -42.426406871192896
-56.269460046022644 -0.3125220045603463
-34.0488825991471 30.677979480343957
-7.4213496685820814 30.414555487442467
-1.9509712509557895 20.21905509846542
-3.8196601125009924 26.286555605956522
14.201342537704454 38.71061568600565
46.653981082840914 26.09078230119425
57.5464700502307 -15.431683076181736
29.244585881662182 -50.46627472560533
-11.56275188215811 -48.58734361859638
-28.415924225960776 -22.611686887102188
-21.42537218001999 -7.301441606040367
-20.312924830006434 -9.987127085868924
-36.08196984579646 -4.104215581923105
-42.53254041760194 26.18033988749875
-15.006000089783555 56.36409006961439
29.779651457576488 51.603346954156706
51.43831548466215 14.540377301389483
37.414404465844854 -17.330673245117097
15.88649415563211 -21.28830929038644
12.91748596785817 -15.676575970760322
16.258651755734792 -26.75402510815633
-2.3835884540282173 -45.76880310133458
-40.00950320094217 -39.56753034355389
-60 -4.1155560218990125e-13
-40.00950320094261 39.567530343553635
-2.383588454028267 45.768803101334306
16.258651755734842 26.754025108156597
12.917485967858331 15.676575970760275
15.886494155631972 21.288309290386255
37.41440446584452 17.33067324511724
51.438315484661956 -14.540377301389242
29.779651457576712 -51.60334695415658
-15.00600008978303 -56.36409006961447
-42.5325404176019 -26.180339887499194
-36.081969845796856 4.10421558192321
-20.312924830006473 9.987127085868806
-21.42537218001962 7.30144160604063
-28.415924225961223 22.611686887101666
-11.562751882158047 48.5873436185963
29.244585881661468 50.46627472560569
57.546470050230596 15.431683076182258
46.653981082841014 -26.09078230119404
14.201342537704619 -38.71061568600557
-3.8196601125010226 -26.28655560595675
-1.9509712509559405 -20.219055098465343
-7.421349668581975 -30.414555487443096
-34.04888259914691 -30.67797948034439
-56.269460046022594 0.31252200455958423
-42.42640687119319 42.42640687119252
-0.3125220045599306 56.269460046022665
30.677979480344295 34.04888259914717
30.414555487443213 7.421349668582106
20.219055098465383 1.950971250955881
26.286555605956618 3.8196601125010368
38.71061568600551 -14.20134253770438
26.090782301194277 -46.65398108284078
-15.431683076181889 -57.546470050230674
-50.46627472560509 -29.244585881662807
-48.58734361859648 11.562751882157787
-22.61168688710188 28.41592422596124
-7.301441606040342 21.425372180020204
-9.987127085868742 20.312924830006402
-4.104215581923871 36.08196984579691
26.180339887498885 42.532540417601965
56.36409006961433 15.006000089783374
51.60334695415679 -29.779651457576396
14.540377301389576 -51.438315484661956
-17.33067324511683 -37.41440446584472
-21.288309290386337 -15.886494155632079
-15.676575970760133 -12.917485967858497
-26.754025108156426 -16.25865175573485
-45.76880310133433 2.383588454027759
-39.56753034355407 40.00950320094216
2.950293969412238e-14 60
39.56753034355369 40.009503200942476
45.76880310133517 2.383588454028775
26.75402510815694 -16.258651755734878
15.676575970760311 -12.917485967858237
21.288309290386046 -15.886494155631787
17.330673245117296 -37.41440446584521
-14.540377301390139 -51.43831548466205
-51.603346954156194 -29.77965145757728
-56.36409006961469 15.006000089782978
-26.180339887499763 42.53254041760184
4.104215581923475 36.08196984579628
9.98712708586898 20.31292483000662
7.30144160604036 21.425372180019888
22.611686887101477 28.415924225960605
48.58734361859646 11.562751882158237
50.46627472560547 -29.244585881661838
15.431683076182374 -57.546470050230525
-26.090782301193627 -46.653981082841476
-38.71061568600528 -14.20134253770471
-26.286555605956565 3.819660112500701
-20.219055098465315 1.9509712509561261
-30.414555487442833 7.421349668581765
-30.67797948034412 34.04888259914711
0.3125220045594457 56.269460046022715
42.426406871192825 42.426406871192874
56.269460046022814 0.31252200456056656
34.04888259914751 -30.677979480344685
7.421349668581833 -30.41455548744273
1.9509712509557158 -20.219055098465475
3.819660112500479 -26.28655560595616
-14.20134253770356 -38.71061568600578
-46.65398108284138 -26.090782301194274
-57.5464700502308 15.43168307618121
-29.24458588166244 50.4662747256053
11.562751882157897 48.58734361859692
28.41592422596144 22.611686887101676
21.425372180020297 7.301441606040164
20.3129248300064 9.987127085869119
36.081969845796124 4.104215581923045
42.53254041760266 -26.180339887498526
15.006000089783521 -56.36409006961438
-29.779651457576264 -51.60334695415682
-51.43831548466231 -14.540377301389722
-37.41440446584401 17.33067324511649
-15.88649415563226 21.288309290386547
-12.917485967857836 15.676575970760489
-16.25865175573387 26.75402510815568
2.383588454027908 45.76880310133504
40.009503200942454 39.56753034355377
60 9.787270702993412e-14
20.149076967173556 -2.437386868102937
21.255891877784144 -5.313358452100344
24.311534128930916 -15.6980837921151
17.584718692620868 -33.27123101962419
-5.293865556283841 -45.58523037247913
-36.33825090158472 -38.14743652996377
-56.844932459682155 -8.145904740242084
-51.41047756222728 30.49031576522309
-20.710198674857327 55.851789081631864
17.955747263470997 53.91516278339512
43.14395376065218 28.54449986746698
44.589023219178245 -2.496791159713476
28.9091723524419 -21.862377282715098
11.61399819422055 -25.0747149205904
3.025828607642829 -20.96978305574351
0.5830242649042052 -20.71368120808736
-6.108052592044835 -25.9143819934555
-22.6792689481984 -26.828041062856435
-41.86740196069873 -12.33817066423283
-47.85615915426087 17.434923799157467
-29.853073917785846 47.738453056732865
6.9130780519060755 58.954358449869275
42.83655570709461 41.853355360901766
57.59802691787887 5.5128151047116996
44.85723254440734 -28.990183341436893
15.971041740948703 -44.044486319596324
-10.008433879246772 -37.417848437145345
-21.280319523992453 -21.161474042932657
-20.58004242879352 -9.315178379881544
-19.272102848618847 -5.666012930180873
-24.402293450556215 -2.2663942573856257
-30.88344456533555 10.501455699107016
-26.116368900679426 31.993954342395043
-2.9527531557542197 48.934570826667766
30.890342739336027 45.49683774310341
56.08828507490625 17.441236671024367
55.76077597314833 -22.152338818391822
28.810988689460473 -51.13964606171086
-8.728420873516228 -54.21608147199875
-35.62864092685086 -33.51256127352263
-40.81304500981197 -5.385254350965859
-29.581621286711652 13.414865405872424
-16.228285540165484 18.21729913412217
-10.28043183606 17.237430103878573
-8.75831915141724 20.921628106637844
-1.0656139291845008 30.127513851194692
18.407446548210068 34.23526578885899
41.93192040981234 21.160978362761718
52.61192671031414 -9.696309805256403
38.14998409584078 -43.5716396213316
2.4373868681028594 -59.850923032826444
-35.40995480792927 -47.60347028253143
-54.406450611393915 -14.228759799206351
-46.68929380963431 20.097579418870954
-21.961003667682267 37.572278042035805
1.8281965507998343 34.94227103348454
13.169146302587096 22.99720581457956
14.476354462947246 14.755968379737723
16.534375115649617 13.35214465034877
25.72979438485134 10.427082197990018
36.176859682529084 -3.8788664227455136
34.26862241049615 -28.831346835540145
11.835718597571148 -50.46000375271631
-23.957849371647644 -51.598402795834744
-53.41233581531657 -26.424135607131383
-58.30138603952366 13.097781468122728
-35.72667742860744 44.88586658785045
-0.27099255676681366 52.59119256813966
27.328675831090774 36.71557809759644
35.47002542673464 12.152726416175934
28.346068246879497 -5.131714367789964
19.11898250523047 -10.538381259817417
16.46413483281117 -11.927212767200487
16.806473378426677 -19.225467936276562
9.094992368248672 -32.62942034588325
-12.524056175327365 -40.59750075397512
-40.06880445314503 -29.903624852435357
-55.6620208112229 1.0389689591456541
-45.448590094413504 37.73744776491948
-11.785446381542542 58.80123810648094
26.987753807381292 51.68222785305608
49.50742987132958 22.021504660556886
46.58902571589984 -11.125863733821436
26.3358906896704 -30.051786775377387
5.4970814367917775 -30.750716682727035
-4.926479467805489 -22.926782172704552
-7.297625396382015 -18.621342897911944
-12.072754928344192 -20.221575602777826
-25.15309463315964 -18.755079558660576
-39.90780878119572 -3.856809676068254
-41.637565832431946 23.908314540183937
-20.943530471354116 50.063335881534755
15.845044191083602 56.157878657116136
48.929015838086286 34.68623839211057
58.920510167623995 -3.7350775890719365
41.15300808387494 -37.38485390834798
8.630877809460772 -49.13878749195104
-18.648117636511138 -38.028604419446395
-28.843984122880624 -17.492607693194994
-25.287722538983637 -2.573329164189129
-20.149076967173592 2.4373868681029984
-21.255891877784027 5.313358452100463
-24.31153412893092 15.698083792115092
-17.58471869262057 33.271231019624004
5.293865556283688 45.58523037247918
36.33825090158432 38.14743652996373
56.84493245968199 8.145904740242582
51.410477562227356 -30.490315765222945
20.71019867485769 -55.85178908163178
-17.95574726347074 -53.91516278339523
-43.143953760652074 -28.544499867467145
-44.58902321917862 2.496791159713073
-28.90917235244217 21.86237728271503
-11.613998194220382 25.074714920590832
-3.02582860764311 20.96978305574342
-0.583024264903802 20.713681208087245
6.108052592044462 25.914381993455756
22.679268948198438 26.828041062856496
41.867401960698444 12.33817066423288
47.85615915426082 -17.43492379915721
29.85307391778596 -47.73845305673277
-6.913078051905426 -58.95435844986929
-42.83655570709435 -41.85335536090203
-57.59802691787879 -5.512815104711854
-44.85723254440781 28.990183341436545
-15.971041740949191 44.04448631959624
10.008433879246967 37.417848437145395
21.280319523993015 21.161474042932817
20.58004242879395 9.31517837988132
19.272102848618882 5.6660129301806705
24.40229345055568 2.2663942573850804
30.883444565334948 -10.501455699106927
26.116368900679543 -31.99395434239473
2.9527531557545963 -48.93457082666761
-30.890342739335736 -45.49683774310359
-56.088285074906295 -17.441236671024477
-55.760775973148405 22.152338818391605
-28.810988689460935 51.13964606171066
8.728420873516285 54.21608147199876
35.62864092685052 33.51256127352278
40.81304500981231 5.3852543509661075
29.581621286712043 -13.414865405872845
16.22828554016552 -18.217299134122246
10.280431836059497 -17.237430103878957
8.75831915141692 -20.92162810663765
1.0656139291846252 -30.127513851194514
-18.407446548209855 -34.23526578885907
-41.93192040981218 -21.1609783627621
-52.61192671031438 9.6963098052562
-38.14998409584135 43.57163962133109
-2.4373868681030872 59.850923032826415
35.40995480792931 47.603470282531404
54.406450611394085 14.228759799206852
46.68929380963472 -20.09757941887087
21.961003667682352 -37.57227804203593
-1.8281965507999125 -34.942271033485284
-13.169146302587357 -22.99720581457988
-14.476354462947924 -14.755968379737357
-16.534375115649606 -13.352144650348551
-25.729794384851207 -10.427082197989575
-36.17685968252906 3.878866422745304
-34.26862241049567 28.831346835539883
-11.83571859757145 50.46000375271622
23.95784937164754 51.59840279583471
53.41233581531657 26.424135607131475
58.30138603952384 -13.0977814681221
35.726677428608 -44.885866587850174
0.2709925567671334 -52.59119256813968
-27.32867583109061 -36.71557809759692
-35.47002542673485 -12.152726416176275
-28.346068246879558 5.1317143677898205
-19.11898250523047 10.53838125981762
-16.46413483281141 11.927212767200205
-16.806473378426755 19.225467936276615
-9.094992368249034 32.62942034588296
12.524056175327315 40.597500753974956
40.06880445314518 29.903624852435293
55.66202081122252 -1.0389689591458815
45.44859009441344 -37.737447764919324
11.785446381542908 -58.80123810648087
-26.98775380738113 -51.68222785305649
-49.507429871329144 -22.021504660557902
-46.5890257159002 11.125863733821054
-26.33589068967059 30.051786775377252
-5.497081436791731 30.750716682727216
4.926479467805668 22.926782172704648
7.297625396383262 18.62134289791145
12.072754928344256 20.221575602777637
25.153094633159508 18.755079558660697
39.90780878119583 3.856809676068176
41.637565832432415 -23.908314540183078
20.94353047135428 -50.063335881534385
-15.845044191083252 -56.15787865711623
-48.92901583808606 -34.68623839211086
-58.920510167624016 3.735077589071288
-41.15300808387518 37.384853908347736
-8.630877809461273 49.13878749195153
18.64811763651147 38.02860441944626
28.84398412288006 17.492607693195172
25.287722538984056 2.573329164188877
20.149076967173578 -2.4373868681029216
45.176380902050404 19.31851652578138
54.37597062464692 -21.826420572567457
21.568889973925984 -54.91972251376245
-20.34123693345061 -45.96107825975102
-30.884087096540945 -16.147047978780762
-20.097341738395315 -5.573212168585091
-24.645148564438024 -10.397532973306507
-42.90129804328528 5.059058891681424
-35.9865398627946 42.572268284602195
6.478643981426687 59.63743539355207
43.48400078679039 33.4073988998568
41.4808541789309 -3.5367699728014923
21.499865871637766 -13.33894518778019
20.020577048174005 -8.213726231547994
28.567845584795258 -22.755854873562797
10.516032757299316 -50.40031432410604
-33.05377532631692 -49.337941407231455
-57.24065425060347 -9.596370002229065
-39.08205434682263 27.494155970739232
-10.32053062583353 29.994169419337773
-5.193320784092021 19.370652121862065
-8.272124203875489 28.497554567616284
13.844364843494299 43.8806868392511
50.336244926389966 27.21599374539154
56.74970187318911 -18.652217474040704
23.107890345411448 -47.602787773243264
-9.998694057894925 -37.278562502592585
-13.458387251426407 -18.54429211506982
-10.073938526530924 -21.401068392025806
-29.58565518016878 -26.351798697161588
-53.58517988094557 -0.2257280459989861
-41.72839518563899 42.91359653969735
2.3228224888739675 56.715766251551315
32.50488501000342 31.256044572207692
28.106218262345568 5.682002780518722
19.53494292871402 5.210659476750456
32.420390283958305 4.697703490805555
42.70100432706056 -23.280584649819474
16.598952789425823 -55.987143967150104
-29.728779102799106 -51.14538958932667
-49.134091133906466 -12.618629391398349
-32.26566284775403 14.753079163459168
-16.587658606206332 13.078024855020463
-22.692770796410343 13.08431958367212
-22.19553294055729 36.37937433073895
10.99226099867587 54.31186949747876
50.770970879817696 31.972187709093713
53.51778180828249 -13.46551137926957
23.127769702442265 -35.326496467890905
2.355281201970776 -25.725059092711525
5.176380902050334 -20.681483474218616
-0.41536708552565926 -35.89444502271032
-32.75352419189708 -39.137602276076606
-59.06506898495477 -4.724385481996837
-43.224132317461894 39.0591408404595
-2.6167007604427504 48.22666878853147
17.78754135386548 27.01191538265197
12.665260041782515 15.658946748578625
17.237713898448963 23.41035784856422
42.5367900328091 16.050624276688477
52.33327047008949 -22.46469096683967
20.6565847769633 -56.13287062555181
-23.198051523513254 -48.01020389778714
-36.1019055929728 -15.303644580456723
-23.348195958122176 -0.28977754541952905
-22.734122264897007 -4.635402098691188
-38.377345447400586 6.979547893747625
-33.15494030224609 41.58837756575151
7.704688265753809 59.290393416457796
46.13638677233084 33.546137591610176
45.20961964271219 -6.310928754945973
22.0388166178128 -19.264845565795675
15.621225703203342 -12.659942494752782
23.084141740881385 -22.355397923255353
8.058779941449675 -47.44794843259193
-33.46065214951236 -47.602787773243314
-58.68961598963438 -8.482831544041888
-40.71049043693502 31.02709955357691
-8.29707766682197 35.13956094197814
0.7252856415192994 21.410601436250015
-3.182239454141799 25.455852830809675
14.72852221252547 39.361628367425205
49.10956510145034 24.91952880583294
56.59059895836072 -19.928702995773108
22.782648141261514 -50.63548652046045
-13.715212093482197 -40.55425274866441
-19.49565125895815 -17.768373837337414
-13.421478314086066 -16.190666300911353
-28.098964605725484 -21.315885257143123
-50.55304850476719 1.4507110634242135
-40.28482145060732 43.25346047529858
3.792483203628309 58.33989028032311
36.63659515503732 32.23993529105872
32.873787288657205 2.4844317267748863
20.237156977746004 -1.0300740252190845
28.47290197662866 0.511988540362335
38.43092565889722 -23.234001110147105
14.793949756778872 -54.70220415702379
-31.194644463380854 -51.108616705576864
-52.436056508201375 -11.65703464256817
-34.82361909794956 19.318516525781124
-14.483391535668567 18.896892687462493
-16.97140395421132 15.184811889746591
-17.828376207200304 33.99944656950777
11.982056501778626 51.39918606138052
51.183180196674314 30.74602781057837
55.19698970982377 -15.42077453565124
23.265147898679498 -39.9076113364889
-1.9241965375885925 -29.813895912678905
-1.050021084054194 -20.00752177469436
-3.538819396607316 -31.31396065013899
-31.939515875787677 -35.30860122358418
-57.86931023352045 -3.3122865026362707
-43.191823941880955 40.8188380606904
-0.8821186299794697 51.62626399749729
23.03078996051781 28.614752923504877
17.940143853578082 12.303118014831895
18.029807265734604 17.502663617394184
39.50092571147278 12.503650803881264
49.68835494460326 -22.91077980655438
19.52803876590427 -56.71386918175004
-25.72358351559882 -49.57578638748349
-40.91940363080042 -14.436803354461746
-26.48724992776537 4.896705262252892
-20.73695101710155 1.242973499147137
-33.4606521495125 8.965754721680263
-29.89388503108323 40.208090387697546
8.860901231711836 58.279202739085605
48.24355166718209 33.362700082269086
48.487685774931094 -8.900339385438084
22.499341422666657 -24.947087595994496
11.176554040253198 -17.09528903073943
17.31332765573204 -21.86721380674378
5.405851390380128 -44.014416944130836
-33.53484115971757 -45.31191639937664
-59.48012431889693 -7.304097726468633
-41.96172858710155 34.14766770558005
-6.3315599651778705 39.9318163402351
6.572294104281512 23.38203213800804
2.0430521479828325 22.274980465392
15.587268416089415 34.40419079199944
47.37929432049224 22.28174422894062
55.79850559107526 -20.984318470185304
22.273899431760768 -53.08212635829264
-17.172291378212005 -43.46276394352316
-25.326978980488022 -16.968652437590922
-16.775263160343528 -10.89395588922598
-26.442743020976152 -15.978372105520263
-46.976764701066934 3.213797460245896
-38.36803205805929 43.134303067603675
5.176380902049779 59.31851652578156
40.30794617450407 32.96491713760557
37.35101021161263 -0.5973083479392116
20.89545584430405 -7.237246208247813
24.322101722699387 -3.8070027578600225
33.70253921872111 -23.053853146537474
12.764299791520703 -52.83022289160969
-32.30141018638779 -50.507499193386366
-55.14845029883263 -10.65198547664262
-37.10816713543768 23.579289342169716
-12.388089079906685 24.55812921655778
-11.115246473819468 17.287499429166573
-13.17139283836958 31.358972207370833
12.93065869926494 47.908756409598325
51.03392291293748 29.160186669355078
56.28094498271438 -17.150159301909092
23.26371397466219 -44.0143712861473
-6.055906682622609 -33.682083950586566
-7.2858169011042575 -19.29258664183735
-6.768562453561135 -26.462747978826187
-30.87490166089958 -31.032288304942107
-56.034524337286726 -1.813386254072359
-42.696264490509954 42.10382597954194
0.7648532577430043 54.46809693090017
27.953970914637747 30.038704457699318
23.10789034541171 8.9657547216805
18.797036900656018 11.412359429146354
36.113004417219415 8.707811070438257
46.46669080747247 -23.177929251733865
18.17674495324332 -56.66273951884953
-27.90359900413753 -50.62866847280286
-45.28036335791084 -13.54332085846803
-29.47341495684474 9.929023638974451
-18.679862557977152 7.170330623850739
-28.211271038632944 11.005572901602648
-26.229969296700677 38.46081449894621
9.954312955815846 56.61374503372254
49.790922675968986 32.84189799132705
51.27021149943329 -11.289226571998343
22.867321549951306 -30.321120187359153
6.737998732790363 -21.467899074698014
11.321148269110253 -21.3050668879233
2.574251829831997 -40.14622890622265
-33.292658653306944 -42.48223850139532
-59.604981296515625 -6.053315587564914
-42.80761995844201 36.831228519525055
-4.435217939423026 44.312232930014915
12.281089030528504 25.258320672234984
7.345649464756001 18.99591769793236
16.423305652113786 29.06627861746145
45.17638090204951 19.318516525781785
145.1763809020504 19.31851652578138
154.32662666122008 -24.967496480380287
121.37156281675314 -61.19877446669379
79.2149595268574 -55.37190959160245
68.32738303490683 -28.680371335211188
78.67149232111846 -21.216658672608176
73.58357650843084 -29.13566443187897
54.69037815058947 -16.755265247972833
60.87177625006851 17.703279568116717
102.50801254912099 31.73832478962914
138.58965241630574 2.505699462362063
135.56893107435343 -37.41056199733063
114.47751446046291 -50.151400456247984
111.79603961657212 -47.92851529502606
119.0505508313972 -65.33378403007006
99.6166851761361 -95.79936429806071
54.57689267806945 -97.51330881740299
28.833548449790896 -60.500511577266195
45.35073820337888 -26.088523527160437
72.38752680162266 -26.214168365875288
75.70837865340272 -39.40787310738525
70.74337703369355 -32.793150797681356
90.89568912107323 -19.861712135617864
125.34735188943591 -38.915192786973634
129.64656461533025 -87.10692806690957
93.8185684640662 -118.313465891898
58.456016534973955 -110.17542524473373
52.67279928093877 -93.55539907811578
53.66846044833804 -98.45239266960473
31.705050185128883 -105.36729993473061
5.193345348301747 -81.12742748349373
14.479942599574073 -39.79446088775883
55.90550198677362 -27.717026298650197
83.40902658504055 -54.818158128186674
76.28158567251708 -81.94866522386764
64.9339929026687 -83.88999294208632
74.99831944046556 -85.7850017557964
82.41579339053862 -115.05604721821759
53.41140805789363 -148.96479255597524
4.145012921730039 -145.23346648474921
-18.23239169641172 -107.7242810209137
-4.36655224383108 -81.27628940423513
8.281330110279164 -83.78029125784265
-0.878446656756072 -84.5073566102026
-3.457401481984814 -61.84935074212991
26.635707502698963 -44.45696456203502
63.304294236248126 -67.23928242235407
62.92861314013395 -113.02170783957757
29.40682165537362 -135.12916931071805
5.496357109783615 -125.6757151292847
5.17638090205034 -120.68148347421862
-3.556442993338487 -135.84510105928348
-39.03257614482842 -138.94027511890374
-68.4759003168062 -104.28058194230483
-55.75745567389233 -60.152329290988284
-18.260147264465854 -50.542165270982295
-0.950590104707004 -71.21680969021688
-9.14906409787172 -81.93272944529612
-7.631274818036498 -73.4479582642989
14.637679428886184 -79.97874429100582
21.431571032594753 -117.57034259635503
-13.217207247565838 -150.22094752097436
-60.01050679198106 -140.9878524866123
-75.81669465645084 -107.07910714885485
-65.92612511462946 -90.77248279202148
-68.13317223885169 -93.73605451752798
-86.55271285757213 -80.65112011063873
-84.05908187728322 -44.48582513464286
-45.87799123214588 -25.1423991337437
-10.071951012882195 -49.161919835846035
-13.56890558653511 -87.21262819244072
-39.25188874748483 -98.28034680336472
-48.12117327166563 -89.71126677233171
-43.04704479148379 -97.36650488630131
-60.39593065141921 -120.34481117473307
-104.17133026816711 -118.31346589189806
-131.58647873177551 -76.93754213691076
-115.72159739998096 -35.10408697878827
-85.34840194440088 -28.602838032890844
-78.29021559604973 -39.88010392904762
-84.08393889163652 -33.322672398437646
-67.97953521493073 -16.846709417787842
-35.32322744875114 -28.663150692066758
-29.48360374203363 -70.83284457081025
-64.84801986312483 -98.810853930632
-102.81586451231897 -85.9533027226191
-109.97835650556009 -60.3463029938447
-105.19694088248417 -55.90545536438942
-121.07661319455062 -58.12834052561094
-144.64112540018974 -32.423080961104915
-135.39047308012266 12.35176103780383
-92.236885364066 30.4407796764002
-60.22172095782579 7.370946574573239
-64.71788890521754 -19.329892412879346
-77.99156809512286 -19.768205483791583
-70.2959320828851 -15.131457963660763
-60.78054447255056 -35.76732446657756
-84.76224670352913 -64.11303548887523
-130.997317306208 -57.38766865850822
-152.38671254477453 -14.798110550380994
-134.82361909794957 19.318516525781114
-114.43404757224172 22.03796859527529
-116.77407679703848 21.463863842677924
-117.38457266750831 43.41027790135918
-87.22941362966915 63.93250941781095
-47.585653862839465 46.38947431460144
-43.03173536304509 3.3173569229212347
-74.32652829519525 -18.09328719683465
-98.78251265045171 -4.944907196193405
-97.0793896517485 7.891588829228567
-98.64447102612266 -0.4122612126442178
-126.02759277121022 -1.4348091990550387
-150.84695882234558 33.50016876583156
-134.9672865102791 80.5336271241684
-91.36482387658144 94.20419315400451
-66.06986245831901 74.0138028974595
-69.69052415080829 60.47848542500339
-68.04439543465978 68.40680519243128
-44.93186683872873 66.0863303017809
-33.01970248285295 33.297557978658645
-61.37366067159047 2.064656047497259
-104.73908475316789 11.714918977814136
-117.97072790837935 49.30559562040722
-101.49835689081135 71.02789179461807
-93.6338137592427 69.69768409201602
-104.17133026816727 79.676432840335
-98.34859562395212 113.10495312983869
-57.270285300653356 133.29030970213154
-15.498847307686866 110.41402435984803
-12.803019590366553 70.11516185213095
-36.27918380658066 55.95461184150023
-45.031783744959895 65.61276839671672
-36.269351842167595 62.56557874345775
-45.49829018465698 42.059785756263544
-81.71020856988909 42.31875160500972
-104.87917429285162 81.79655469236815
-84.53965774360876 124.63037295218203
-46.0463490286559 131.7072789086332
-30.240161164186347 116.35968072683316
-31.83073987654639 116.36305736081452
-15.31443102140534 129.5098424215148
19.480183716569282 118.31111279663492
30.929516874589734 75.8739976426778
0.4595752921064431 44.50954983558208
-35.91042283678447 54.76596112934571
-40.970425484511125 81.80018162192285
-29.308586516773985 88.3175142422218
-35.853574352827636 83.57782435478774
-53.25581665399825 103.01647030307305
-41.50910796587212 143.08495910417685
5.17638090204976 159.31851652578155
43.44902208231686 132.91557317417875
43.630062164543915 99.20536449488793
30.3062871761555 92.31895025206019
36.85542507912981 95.40446737358776
49.345985722744174 75.7149809129763
31.502431250093128 45.39850218125918
-10.487086046733502 47.08417700048837
-30.279461582347135 86.20633063622049
-9.209056531514761 119.60865790986402
18.51361035758804 119.66378084607314
22.75854555070972 111.3755763245891
23.64106243009824 124.33662079619594
52.64544776274293 139.68421897799647
93.61185206944467 119.64289191595708
101.67999495666905 71.9504931169277
71.43908138483368 43.61629671823908
44.84823489241448 52.392118749807814
46.29686259679534 65.14020590836421
49.43977533165193 56.245309448629996
27.90362356834771 49.86941113255265
5.256181028010886 77.20211498349671
21.04613448435898 119.1551502571209
66.89603979010819 129.4792038939461
96.40868150750661 102.93556719984048
93.81856846406646 79.67643284033527
91.69389964279713 79.86707002201524
111.12411138026533 74.83899760280349
123.51801508505142 40.5644697231351
97.19224619081234 4.62796584644812
52.998100433357195 8.149856756444478
37.42769406954531 42.66501692674506
54.95937759335678 63.51170313687408
67.39434014241724 58.07447219888786
59.41939696575342 59.18094031177418
62.8706831221361 83.85986447290091
100.43701820241782 99.19167419022976
141.5663852443671 72.55668705480508
144.2478600882584 25.52322869646953
116.95539844537382 3.5526718371700703
101.84365036230571 9.433800362796749
107.35051683680454 6.594043715999668
99.43256794269509 -15.277240189737118
64.29901754056777 -20.66791436174099
38.623743776353244 12.684815871007554
55.961214101071754 52.474675023548166
94.77625219202476 56.84555628644538
111.8372854908365 34.66915200408647
107.14832230758316 25.274969650863685
116.37396168868695 32.20735452527428
145.17638090204952 19.31851652578181
