20.149076967173556 -2.437386868102937
21.255891877784144 -5.313358452100344
24.311534128930916 -15.6980837921151
17.584718692620868 -33.27123101962419
-5.293865556283841 -45.58523037247913
-36.33825090158472 -38.14743652996377
-56.844932459682155 -8.145904740242084
-51.41047756222728 30.49031576522309
-20.710198674857327 55.851789081631864
17.955747263470997 53.91516278339512
43.14395376065218 28.54449986746698
44.589023219178245 -2.496791159713476
28.9091723524419 -21.862377282715098
11.61399819422055 -25.0747149205904
3.025828607642829 -20.96978305574351
0.5830242649042052 -20.71368120808736
-6.108052592044835 -25.9143819934555
-22.6792689481984 -26.828041062856435
-41.86740196069873 -12.33817066423283
-47.85615915426087 17.434923799157467
-29.853073917785846 47.738453056732865
6.9130780519060755 58.954358449869275
42.83655570709461 41.853355360901766
57.59802691787887 5.5128151047116996
44.85723254440734 -28.990183341436893
15.971041740948703 -44.044486319596324
-10.008433879246772 -37.417848437145345
-21.280319523992453 -21.161474042932657
-20.58004242879352 -9.315178379881544
-19.272102848618847 -5.666012930180873
-24.402293450556215 -2.2663942573856257
-30.88344456533555 10.501455699107016
-26.116368900679426 31.993954342395043
-2.9527531557542197 48.934570826667766
30.890342739336027 45.49683774310341
56.08828507490625 17.441236671024367
55.76077597314833 -22.152338818391822
28.810988689460473 -51.13964606171086
-8.728420873516228 -54.21608147199875
-35.62864092685086 -33.51256127352263
-40.81304500981197 -5.385254350965859
-29.581621286711652 13.414865405872424
-16.228285540165484 18.21729913412217
-10.28043183606 17.237430103878573
-8.75831915141724 20.921628106637844
-1.0656139291845008 30.127513851194692
18.407446548210068 34.23526578885899
41.93192040981234 21.160978362761718
52.61192671031414 -9.696309805256403
38.14998409584078 -43.5716396213316
2.4373868681028594 -59.850923032826444
-35.40995480792927 -47.60347028253143
-54.406450611393915 -14.228759799206351
-46.68929380963431 20.097579418870954
-21.961003667682267 37.572278042035805
1.8281965507998343 34.94227103348454
13.169146302587096 22.99720581457956
14.476354462947246 14.755968379737723
16.534375115649617 13.35214465034877
25.72979438485134 10.427082197990018
36.176859682529084 -3.8788664227455136
34.26862241049615 -28.831346835540145
11.835718597571148 -50.46000375271631
-23.957849371647644 -51.598402795834744
-53.41233581531657 -26.424135607131383
-58.30138603952366 13.097781468122728
-35.72667742860744 44.88586658785045
-0.27099255676681366 52.59119256813966
27.328675831090774 36.71557809759644
35.47002542673464 12.152726416175934
28.346068246879497 -5.131714367789964
19.11898250523047 -10.538381259817417
16.46413483281117 -11.927212767200487
16.806473378426677 -19.225467936276562
9.094992368248672 -32.62942034588325
-12.524056175327365 -40.59750075397512
-40.06880445314503 -29.903624852435357
-55.6620208112229 1.0389689591456541
-45.448590094413504 37.73744776491948
-11.785446381542542 58.80123810648094
26.987753807381292 51.68222785305608
49.50742987132958 22.021504660556886
46.58902571589984 -11.125863733821436
26.3358906896704 -30.051786775377387
5.4970814367917775 -30.750716682727035
-4.926479467805489 -22.926782172704552
-7.297625396382015 -18.621342897911944
-12.072754928344192 -20.221575602777826
-25.15309463315964 -18.755079558660576
-39.90780878119572 -3.856809676068254
-41.637565832431946 23.908314540183937
-20.943530471354116 50.063335881534755
15.845044191083602 56.157878657116136
48.929015838086286 34.68623839211057
58.920510167623995 -3.7350775890719365
41.15300808387494 -37.38485390834798
8.630877809460772 -49.13878749195104
-18.648117636511138 -38.028604419446395
-28.843984122880624 -17.492607693194994
-25.287722538983637 -2.573329164189129
-20.149076967173592 2.4373868681029984
-21.255891877784027 5.313358452100463
-24.31153412893092 15.698083792115092
-17.58471869262057 33.271231019624004
5.293865556283688 45.58523037247918
36.33825090158432 38.14743652996373
56.84493245968199 8.145904740242582
51.410477562227356 -30.490315765222945
20.71019867485769 -55.85178908163178
-17.95574726347074 -53.91516278339523
-43.143953760652074 -28.544499867467145
-44.58902321917862 2.496791159713073
-28.90917235244217 21.86237728271503
-11.613998194220382 25.074714920590832
-3.02582860764311 20.96978305574342
-0.583024264903802 20.713681208087245
6.108052592044462 25.914381993455756
22.679268948198438 26.828041062856496
41.867401960698444 12.33817066423288
47.85615915426082 -17.43492379915721
29.85307391778596 -47.73845305673277
-6.913078051905426 -58.95435844986929
-42.83655570709435 -41.85335536090203
-57.59802691787879 -5.512815104711854
-44.85723254440781 28.990183341436545
-15.971041740949191 44.04448631959624
10.008433879246967 37.417848437145395
21.280319523993015 21.161474042932817
20.58004242879395 9.31517837988132
19.272102848618882 5.6660129301806705
24.40229345055568 2.2663942573850804
30.883444565334948 -10.501455699106927
26.116368900679543 -31.99395434239473
2.9527531557545963 -48.93457082666761
-30.890342739335736 -45.49683774310359
-56.088285074906295 -17.441236671024477
-55.760775973148405 22.152338818391605
-28.810988689460935 51.13964606171066
8.728420873516285 54.21608147199876
35.62864092685052 33.51256127352278
40.81304500981231 5.3852543509661075
29.581621286712043 -13.414865405872845
16.22828554016552 -18.217299134122246
10.280431836059497 -17.237430103878957
8.75831915141692 -20.92162810663765
1.0656139291846252 -30.127513851194514
-18.407446548209855 -34.23526578885907
-41.93192040981218 -21.1609783627621
-52.61192671031438 9.6963098052562
-38.14998409584135 43.57163962133109
-2.4373868681030872 59.850923032826415
35.40995480792931 47.603470282531404
54.406450611394085 14.228759799206852
46.68929380963472 -20.09757941887087
21.961003667682352 -37.57227804203593
-1.8281965507999125 -34.942271033485284
-13.169146302587357 -22.99720581457988
-14.476354462947924 -14.755968379737357
-16.534375115649606 -13.352144650348551
-25.729794384851207 -10.427082197989575
-36.17685968252906 3.878866422745304
-34.26862241049567 28.831346835539883
-11.83571859757145 50.46000375271622
23.95784937164754 51.59840279583471
53.41233581531657 26.424135607131475
58.30138603952384 -13.0977814681221
35.726677428608 -44.885866587850174
0.2709925567671334 -52.59119256813968
-27.32867583109061 -36.71557809759692
-35.47002542673485 -12.152726416176275
-28.346068246879558 5.1317143677898205
-19.11898250523047 10.53838125981762
-16.46413483281141 11.927212767200205
-16.806473378426755 19.225467936276615
-9.094992368249034 32.62942034588296
12.524056175327315 40.597500753974956
40.06880445314518 29.903624852435293
55.66202081122252 -1.0389689591458815
45.44859009441344 -37.737447764919324
11.785446381542908 -58.80123810648087
-26.98775380738113 -51.68222785305649
-49.507429871329144 -22.021504660557902
-46.5890257159002 11.125863733821054
-26.33589068967059 30.051786775377252
-5.497081436791731 30.750716682727216
4.926479467805668 22.926782172704648
7.297625396383262 18.62134289791145
12.072754928344256 20.221575602777637
25.153094633159508 18.755079558660697
39.90780878119583 3.856809676068176
41.637565832432415 -23.908314540183078
20.94353047135428 -50.063335881534385
-15.845044191083252 -56.15787865711623
-48.92901583808606 -34.68623839211086
-58.920510167624016 3.735077589071288
-41.15300808387518 37.384853908347736
-8.630877809461273 49.13878749195153
18.64811763651147 38.02860441944626
28.84398412288006 17.492607693195172
25.287722538984056 2.573329164188877
20.149076967173578 -2.4373868681029216
145.1763809020504 19.31851652578138
154.37595078622783 -23.083884140160503
125.05363565201756 -60.4161257250114
81.64134128298097 -60.458924731347636
62.50247775959505 -33.39728662203204
71.26330595349499 -15.53215734075289
78.12261274516689 -18.940822126086
67.43011379414051 -19.116435684828804
61.642422269318864 2.998477536947238
86.72528902063279 27.063269093235384
129.50984242151475 18.232391696411685
149.94465187342314 -23.76851233802732
132.45280095907935 -61.82468799835016
104.11841172747258 -69.60946762190238
94.66857144405552 -62.77113473230005
96.2258859444048 -70.04368708821232
80.14008384248265 -87.70051910864956
45.10359700790334 -84.17357912625884
25.27384720904604 -48.38616992432804
44.95330291319576 -11.318600140496955
84.08393889163617 -8.149856756444343
104.16421507610494 -33.66830624143634
98.05402232876526 -53.53902207820428
93.44039778814648 -54.134029216212134
106.86952003571469 -58.97962048127028
116.31545744180538 -88.99494936611657
92.8375106414304 -125.48305266469448
45.70562158839889 -131.146925974748
14.978230385578044 -100.48006170714409
20.580478021101356 -67.8113737084407
39.40787310738514 -61.37366067159087
41.847845469514404 -68.63421300272181
34.162929415158445 -61.197652024876255
45.708018595010984 -41.46753099578904
80.46066106375561 -42.18741886994959
104.46953561243629 -78.68504000087222
89.22000388941842 -122.83375639528892
49.94161761694119 -137.37492987369293
24.401508388636145 -122.8441615691014
22.554893801351216 -111.32668386531866
18.51361035758826 -117.57034259635512
-5.346035045428266 -118.68122850518462
-27.626649296726292 -91.4127678971139
-16.342880120948063 -52.085497617326354
23.783326413769252 -39.79024423953807
53.69350440097044 -65.21914235733195
49.84813518290295 -97.46231049167265
31.476858541692515 -107.19246968088156
27.793799761032524 -104.35087806450122
33.86327272529019 -117.27305191352077
19.318516525781398 -145.17638090205025
-23.083884140160517 -154.37595078622783
-60.41612572501135 -125.05363565201768
-60.45892473134777 -81.64134128298113
-33.39728662203217 -62.502477759595195
-15.532157340753102 -71.263305953495
-18.940822126086047 -78.12261274516686
-19.116435684828808 -67.43011379414058
2.998477536947064 -61.64242226931884
27.063269093235395 -86.7252890206326
18.232391696411845 -129.50984242151455
-23.76851233802714 -149.94465187342303
-61.824687998349916 -132.45280095907947
-69.60946762190255 -104.11841172747268
-62.77113473230027 -94.6685714440551
-70.0436870882122 -96.22588594440451
-87.7005191086494 -80.14008384248268
-84.17357912625893 -45.10359700790365
-48.38616992432826 -25.27384720904604
-11.318600140497125 -44.953302913195444
-8.149856756444358 -84.08393889163605
-33.668306241436426 -104.1642150761049
-53.53902207820428 -98.05402232876517
-54.13402921621189 -93.44039778814653
-58.97962048127036 -106.86952003571452
-88.99494936611671 -116.31545744180559
-125.48305266469433 -92.83751064143061
-131.14692597474806 -45.70562158839901
-100.48006170714407 -14.978230385578037
-67.81137370844068 -20.580478021101456
-61.37366067159081 -39.40787310738516
-68.63421300272188 -41.84784546951431
-61.197652024876284 -34.162929415158246
-41.46753099578881 -45.708018595010806
-42.1874188699496 -80.4606610637558
-78.6850400008725 -104.46953561243635
-122.83375639528845 -89.22000388941873
-137.37492987369276 -49.94161761694099
-122.84416156910154 -24.401508388636042
-111.32668386531847 -22.554893801350765
-117.57034259635535 -18.513610357588338
-118.68122850518488 5.346035045428689
-91.4127678971139 27.626649296726427
-52.08549761732565 16.342880120947413
-39.79024423953801 -23.783326413769164
-65.21914235733223 -53.69350440097018
-97.46231049167275 -49.848135182902595
-107.19246968088105 -31.47685854169243
-104.35087806450103 -27.793799761032677
-117.27305191352086 -33.86327272529074
-145.17638090205065 -19.31851652578155
-154.3759507862278 23.083884140160073
-125.05363565201753 60.41612572501139
-81.64134128298075 60.45892473134762
-62.50247775959507 33.39728662203227
-71.26330595349475 15.532157340752727
-78.12261274516683 18.940822126086424
-67.43011379414045 19.116435684828815
-61.6424222693188 -2.998477536947153
-86.7252890206325 -27.063269093235284
-129.5098424215149 -18.232391696411565
-149.944651873423 23.768512338027293
-132.4528009590793 61.82468799834997
-104.11841172747246 69.60946762190264
-94.66857144405621 62.77113473229966
-96.2258859444044 70.04368708821204
-80.14008384248294 87.70051910865007
-45.10359700790325 84.17357912625879
-25.27384720904604 48.38616992432805
-44.95330291319558 11.318600140497054
-84.08393889163634 8.14985675644467
-104.1642150761046 33.668306241436476
-98.05402232876486 53.53902207820405
-93.44039778814646 54.1340292162118
-106.86952003571525 58.97962048126995
-116.31545744180556 88.99494936611616
-92.83751064143044 125.4830526646943
-45.705621588398614 131.1469259747479
-14.978230385578016 100.48006170714396
-20.5804780211013 67.81137370844067
-39.40787310738511 61.373660671590635
-41.847845469514276 68.63421300272189
-34.16292941515811 61.19765202487624
-45.70801859501074 41.467530995789005
-80.46066106375545 42.18741886994941
-104.46953561243633 78.68504000087238
-89.22000388941858 122.83375639528899
-49.94161761694126 137.37492987369274
-24.40150838863612 122.84416156910143
-22.55489380135146 111.32668386531873
-18.513610357588316 117.57034259635516
5.346035045428788 118.68122850518459
27.626649296726438 91.41276789711374
16.342880120947804 52.085497617326105
-23.78332641376899 39.79024423953808
-53.6935044009702 65.21914235733237
-49.848135182902894 97.46231049167245
-31.476858541692422 107.19246968088096
-27.79379976103285 104.35087806450072
-33.863272725290585 117.2730519135205
-19.31851652578136 145.17638090205023
23.08388414015965 154.3759507862278
60.4161257250114 125.05363565201738
60.458924731347565 81.64134128298093
33.397286622032574 62.50247775959477
15.532157340752768 71.26330595349445
18.94082212608647 78.12261274516683
19.116435684828527 67.43011379414106
-2.9984775369466554 61.64242226931875
-27.06326909323498 86.72528902063249
-18.23239169641231 129.50984242151387
23.768512338027204 149.94465187342325
61.82468799834972 132.45280095907978
69.60946762190285 104.11841172747275
62.77113473230026 94.66857144405509
70.0436870882122 96.22588594440472
87.70051910864947 80.14008384248291
84.17357912625911 45.10359700790377
48.3861699243287 25.27384720904609
11.318600140497225 44.9533029131955
8.149856756444393 84.08393889163584
33.66830624143617 104.16421507610515
53.53902207820416 98.05402232876565
54.13402921621199 93.44039778814653
58.97962048126979 106.86952003571488
88.994949366116 116.31545744180512
125.4830526646939 92.83751064143098
131.14692597474826 45.705621588399254
100.48006170714416 14.978230385577717
67.81137370844094 20.580478021100916
61.373660671589924 39.40787310738506
68.63421300272182 41.84784546951446
61.19765202487653 34.16292941515822
41.46753099578933 45.708018595010365
42.187418869949624 80.46066106375521
78.68504000087171 104.46953561243618
122.83375639528933 89.22000388941836
137.37492987369325 49.941617616941336
122.84416156910179 24.401508388636174
111.32668386531827 22.55489380135022
117.57034259635596 18.513610357588814
118.6812285051847 -5.346035045428348
91.41276789711434 -27.626649296726296
52.085497617326276 -16.34288012094781
39.790244239537934 23.783326413768332
65.21914235733125 53.69350440097008
97.46231049167264 49.848135182903505
107.19246968088218 31.47685854169288
104.3508780645004 27.79379976103307
117.27305191352073 33.86327272529043
145.17638090205034 19.318516525781586
