60 1.469576158976824e-14
40.00950320094233 -39.5675303435537
2.3835884540283523 -45.76880310133447
-16.258651755734277 -26.75402510815624
-12.917485967858433 -15.676575970760204
-15.886494155631961 -21.288309290386444
-37.41440446584478 -17.33067324511705
-51.4383154846621 14.540377301389604
-29.77965145757672 51.60334695415655
15.006000089783209 56.36409006961444
42.532540417602 26.180339887499006
36.0819698457967 -4.104215581923411
20.31292483000649 -9.987127085869206
21.425372180020183 -7.301441606040182
28.4159242259609 -22.611686887101822
11.562751882158166 -48.58734361859649
-29.24458588166203 -50.46627472560533
-57.546470050230624 -15.431683076182008
-46.653981082841185 26.090782301193986
-14.201342537704594 38.71061568600567
3.819660112501083 26.286555605956753
1.950971250956 20.219055098465343
7.421349668582128 30.414555487442687
34.04888259914686 30.67797948034415
56.269460046022544 -0.3125220045598258
42.42640687119291 -42.426406871192796
0.3125220045599768 -56.26946004602253
-30.677979480344028 -34.04888259914692
-30.414555487442716 -7.421349668582117
-20.21905509846536 -1.9509712509559662
-26.28655560595677 -3.8196601125011966
-38.710615686005696 14.201342537704447
-26.090782301193997 46.65398108284098
15.431683076181848 57.546470050230624
50.46627472560531 29.24458588166219
48.587343618596364 -11.56275188215809
22.611686887101936 -28.41592422596103
7.301441606040324 -21.425372180020076
9.987127085869105 -20.312924830006466
4.104215581923533 -36.0819698457968
-26.18033988749883 -42.53254041760186
-56.36409006961432 -15.006000089783548
-51.60334695415665 29.779651457576602
-14.54037730138986 51.43831548466203
17.33067324511707 37.41440446584484
21.28830929038651 15.886494155631972
15.67657597076024 12.917485967858335
26.754025108156252 16.258651755734313
45.76880310133441 -2.3835884540282493
39.567530343553706 -40.00950320094218
-3.7138838195303836e-17 -60
-39.567530343553656 -40.009503200942476
-45.7688031013344 -2.3835884540283594
-26.75402510815628 16.258651755734235
-15.676575970760357 12.917485967858164
-21.28830929038669 15.886494155631851
-17.33067324511701 37.41440446584466
14.540377301389622 51.43831548466214
51.603346954156486 29.779651457576833
56.36409006961438 -15.006000089783132
26.180339887499066 -42.53254041760183
-4.104215581923178 -36.081969845796685
-9.987127085868899 -20.312924830006512
-7.301441606040157 -21.425372180020194
-22.61168688710178 -28.415924225960627
-48.58734361859619 -11.562751882158132
-50.46627472560532 29.24458588166204
-15.431683076182132 57.5464700502306
26.09078230119396 46.65398108284114
38.71061568600565 14.201342537704722
26.286555605956845 -3.8196601125010687
20.21905509846534 -1.9509712509560417
30.41455548744251 -7.421349668582138
30.67797948034412 -34.04888259914685
-0.31252200455996615 -56.2694600460226
-42.42640687119281 -42.426406871192896
-56.269460046022644 -0.3125220045603463
-34.0488825991471 30.677979480343957
-7.4213496685820814 30.414555487442467
-1.9509712509557895 20.21905509846542
-3.8196601125009924 26.286555605956522
14.201342537704454 38.71061568600565
46.653981082840914 26.09078230119425
57.5464700502307 -15.431683076181736
29.244585881662182 -50.46627472560533
-11.56275188215811 -48.58734361859638
-28.415924225960776 -22.611686887102188
-21.42537218001999 -7.301441606040367
-20.312924830006434 -9.987127085868924
-36.08196984579646 -4.104215581923105
-42.53254041760194 26.18033988749875
-15.006000089783555 56.36409006961439
29.779651457576488 51.603346954156706
51.43831548466215 14.540377301389483
37.414404465844854 -17.330673245117097
15.88649415563211 -21.28830929038644
12.91748596785817 -15.676575970760322
16.258651755734792 -26.75402510815633
-2.3835884540282173 -45.76880310133458
-40.00950320094217 -39.56753034355389
-60 -4.1155560218990125e-13
-40.00950320094261 39.567530343553635
-2.383588454028267 45.768803101334306
16.258651755734842 26.754025108156597
12.917485967858331 15.676575970760275
15.886494155631972 21.288309290386255
37.41440446584452 17.33067324511724
51.438315484661956 -14.540377301389242
29.779651457576712 -51.60334695415658
-15.00600008978303 -56.36409006961447
-42.5325404176019 -26.180339887499194
-36.081969845796856 4.10421558192321
-20.312924830006473 9.987127085868806
-21.42537218001962 7.30144160604063
-28.415924225961223 22.611686887101666
-11.562751882158047 48.5873436185963
29.244585881661468 50.46627472560569
57.546470050230596 15.431683076182258
46.653981082841014 -26.09078230119404
14.201342537704619 -38.71061568600557
-3.8196601125010226 -26.28655560595675
-1.9509712509559405 -20.219055098465343
-7.421349668581975 -30.414555487443096
-34.04888259914691 -30.67797948034439
-56.269460046022594 0.31252200455958423
-42.42640687119319 42.42640687119252
-0.3125220045599306 56.269460046022665
30.677979480344295 34.04888259914717
30.414555487443213 7.421349668582106
20.219055098465383 1.950971250955881
26.286555605956618 3.8196601125010368
38.71061568600551 -14.20134253770438
26.090782301194277 -46.65398108284078
-15.431683076181889 -57.546470050230674
-50.46627472560509 -29.244585881662807
-48.58734361859648 11.562751882157787
-22.61168688710188 28.41592422596124
-7.301441606040342 21.425372180020204
-9.987127085868742 20.312924830006402
-4.104215581923871 36.08196984579691
26.180339887498885 42.532540417601965
56.36409006961433 15.006000089783374
51.60334695415679 -29.779651457576396
14.540377301389576 -51.438315484661956
-17.33067324511683 -37.41440446584472
-21.288309290386337 -15.886494155632079
-15.676575970760133 -12.917485967858497
-26.754025108156426 -16.25865175573485
-45.76880310133433 2.383588454027759
-39.56753034355407 40.00950320094216
2.950293969412238e-14 60
39.56753034355369 40.009503200942476
45.76880310133517 2.383588454028775
26.75402510815694 -16.258651755734878
15.676575970760311 -12.917485967858237
21.288309290386046 -15.886494155631787
17.330673245117296 -37.41440446584521
-14.540377301390139 -51.43831548466205
-51.603346954156194 -29.77965145757728
-56.36409006961469 15.006000089782978
-26.180339887499763 42.53254041760184
4.104215581923475 36.08196984579628
9.98712708586898 20.31292483000662
7.30144160604036 21.425372180019888
22.611686887101477 28.415924225960605
48.58734361859646 11.562751882158237
50.46627472560547 -29.244585881661838
15.431683076182374 -57.546470050230525
-26.090782301193627 -46.653981082841476
-38.71061568600528 -14.20134253770471
-26.286555605956565 3.819660112500701
-20.219055098465315 1.9509712509561261
-30.414555487442833 7.421349668581765
-30.67797948034412 34.04888259914711
0.3125220045594457 56.269460046022715
42.426406871192825 42.426406871192874
56.269460046022814 0.31252200456056656
34.04888259914751 -30.677979480344685
7.421349668581833 -30.41455548744273
1.9509712509557158 -20.219055098465475
3.819660112500479 -26.28655560595616
-14.20134253770356 -38.71061568600578
-46.65398108284138 -26.090782301194274
-57.5464700502308 15.43168307618121
-29.24458588166244 50.4662747256053
11.562751882157897 48.58734361859692
28.41592422596144 22.611686887101676
21.425372180020297 7.301441606040164
20.3129248300064 9.987127085869119
36.081969845796124 4.104215581923045
42.53254041760266 -26.180339887498526
15.006000089783521 -56.36409006961438
-29.779651457576264 -51.60334695415682
-51.43831548466231 -14.540377301389722
-37.41440446584401 17.33067324511649
-15.88649415563226 21.288309290386547
-12.917485967857836 15.676575970760489
-16.25865175573387 26.75402510815568
2.383588454027908 45.76880310133504
40.009503200942454 39.56753034355377
60 9.787270702993412e-14
20.149076967173556 -2.437386868102937
21.255891877784144 -5.313358452100344
24.311534128930916 -15.6980837921151
17.584718692620868 -33.27123101962419
-5.293865556283841 -45.58523037247913
-36.33825090158472 -38.14743652996377
-56.844932459682155 -8.145904740242084
-51.41047756222728 30.49031576522309
-20.710198674857327 55.851789081631864
17.955747263470997 53.91516278339512
43.14395376065218 28.54449986746698
44.589023219178245 -2.496791159713476
28.9091723524419 -21.862377282715098
11.61399819422055 -25.0747149205904
3.025828607642829 -20.96978305574351
0.5830242649042052 -20.71368120808736
-6.108052592044835 -25.9143819934555
-22.6792689481984 -26.828041062856435
-41.86740196069873 -12.33817066423283
-47.85615915426087 17.434923799157467
-29.853073917785846 47.738453056732865
6.9130780519060755 58.954358449869275
42.83655570709461 41.853355360901766
57.59802691787887 5.5128151047116996
44.85723254440734 -28.990183341436893
15.971041740948703 -44.044486319596324
-10.008433879246772 -37.417848437145345
-21.280319523992453 -21.161474042932657
-20.58004242879352 -9.315178379881544
-19.272102848618847 -5.666012930180873
-24.402293450556215 -2.2663942573856257
-30.88344456533555 10.501455699107016
-26.116368900679426 31.993954342395043
-2.9527531557542197 48.934570826667766
30.890342739336027 45.49683774310341
56.08828507490625 17.441236671024367
55.76077597314833 -22.152338818391822
28.810988689460473 -51.13964606171086
-8.728420873516228 -54.21608147199875
-35.62864092685086 -33.51256127352263
-40.81304500981197 -5.385254350965859
-29.581621286711652 13.414865405872424
-16.228285540165484 18.21729913412217
-10.28043183606 17.237430103878573
-8.75831915141724 20.921628106637844
-1.0656139291845008 30.127513851194692
18.407446548210068 34.23526578885899
41.93192040981234 21.160978362761718
52.61192671031414 -9.696309805256403
38.14998409584078 -43.5716396213316
2.4373868681028594 -59.850923032826444
-35.40995480792927 -47.60347028253143
-54.406450611393915 -14.228759799206351
-46.68929380963431 20.097579418870954
-21.961003667682267 37.572278042035805
1.8281965507998343 34.94227103348454
13.169146302587096 22.99720581457956
14.476354462947246 14.755968379737723
16.534375115649617 13.35214465034877
25.72979438485134 10.427082197990018
36.176859682529084 -3.8788664227455136
34.26862241049615 -28.831346835540145
11.835718597571148 -50.46000375271631
-23.957849371647644 -51.598402795834744
-53.41233581531657 -26.424135607131383
-58.30138603952366 13.097781468122728
-35.72667742860744 44.88586658785045
-0.27099255676681366 52.59119256813966
27.328675831090774 36.71557809759644
35.47002542673464 12.152726416175934
28.346068246879497 -5.131714367789964
19.11898250523047 -10.538381259817417
16.46413483281117 -11.927212767200487
16.806473378426677 -19.225467936276562
9.094992368248672 -32.62942034588325
-12.524056175327365 -40.59750075397512
-40.06880445314503 -29.903624852435357
-55.6620208112229 1.0389689591456541
-45.448590094413504 37.73744776491948
-11.785446381542542 58.80123810648094
26.987753807381292 51.68222785305608
49.50742987132958 22.021504660556886
46.58902571589984 -11.125863733821436
26.3358906896704 -30.051786775377387
5.4970814367917775 -30.750716682727035
-4.926479467805489 -22.926782172704552
-7.297625396382015 -18.621342897911944
-12.072754928344192 -20.221575602777826
-25.15309463315964 -18.755079558660576
-39.90780878119572 -3.856809676068254
-41.637565832431946 23.908314540183937
-20.943530471354116 50.063335881534755
15.845044191083602 56.157878657116136
48.929015838086286 34.68623839211057
58.920510167623995 -3.7350775890719365
41.15300808387494 -37.38485390834798
8.630877809460772 -49.13878749195104
-18.648117636511138 -38.028604419446395
-28.843984122880624 -17.492607693194994
-25.287722538983637 -2.573329164189129
-20.149076967173592 2.4373868681029984
-21.255891877784027 5.313358452100463
-24.31153412893092 15.698083792115092
-17.58471869262057 33.271231019624004
5.293865556283688 45.58523037247918
36.33825090158432 38.14743652996373
56.84493245968199 8.145904740242582
51.410477562227356 -30.490315765222945
20.71019867485769 -55.85178908163178
-17.95574726347074 -53.91516278339523
-43.143953760652074 -28.544499867467145
-44.58902321917862 2.496791159713073
-28.90917235244217 21.86237728271503
-11.613998194220382 25.074714920590832
-3.02582860764311 20.96978305574342
-0.583024264903802 20.713681208087245
6.108052592044462 25.914381993455756
22.679268948198438 26.828041062856496
41.867401960698444 12.33817066423288
47.85615915426082 -17.43492379915721
29.85307391778596 -47.73845305673277
-6.913078051905426 -58.95435844986929
-42.83655570709435 -41.85335536090203
-57.59802691787879 -5.512815104711854
-44.85723254440781 28.990183341436545
-15.971041740949191 44.04448631959624
10.008433879246967 37.417848437145395
21.280319523993015 21.161474042932817
20.58004242879395 9.31517837988132
19.272102848618882 5.6660129301806705
24.40229345055568 2.2663942573850804
30.883444565334948 -10.501455699106927
26.116368900679543 -31.99395434239473
2.9527531557545963 -48.93457082666761
-30.890342739335736 -45.49683774310359
-56.088285074906295 -17.441236671024477
-55.760775973148405 22.152338818391605
-28.810988689460935 51.13964606171066
8.728420873516285 54.21608147199876
35.62864092685052 33.51256127352278
40.81304500981231 5.3852543509661075
29.581621286712043 -13.414865405872845
16.22828554016552 -18.217299134122246
10.280431836059497 -17.237430103878957
8.75831915141692 -20.92162810663765
1.0656139291846252 -30.127513851194514
-18.407446548209855 -34.23526578885907
-41.93192040981218 -21.1609783627621
-52.61192671031438 9.6963098052562
-38.14998409584135 43.57163962133109
-2.4373868681030872 59.850923032826415
35.40995480792931 47.603470282531404
54.406450611394085 14.228759799206852
46.68929380963472 -20.09757941887087
21.961003667682352 -37.57227804203593
-1.8281965507999125 -34.942271033485284
-13.169146302587357 -22.99720581457988
-14.476354462947924 -14.755968379737357
-16.534375115649606 -13.352144650348551
-25.729794384851207 -10.427082197989575
-36.17685968252906 3.878866422745304
-34.26862241049567 28.831346835539883
-11.83571859757145 50.46000375271622
23.95784937164754 51.59840279583471
53.41233581531657 26.424135607131475
58.30138603952384 -13.0977814681221
35.726677428608 -44.885866587850174
0.2709925567671334 -52.59119256813968
-27.32867583109061 -36.71557809759692
-35.47002542673485 -12.152726416176275
-28.346068246879558 5.1317143677898205
-19.11898250523047 10.53838125981762
-16.46413483281141 11.927212767200205
-16.806473378426755 19.225467936276615
-9.094992368249034 32.62942034588296
12.524056175327315 40.597500753974956
40.06880445314518 29.903624852435293
55.66202081122252 -1.0389689591458815
45.44859009441344 -37.737447764919324
11.785446381542908 -58.80123810648087
-26.98775380738113 -51.68222785305649
-49.507429871329144 -22.021504660557902
-46.5890257159002 11.125863733821054
-26.33589068967059 30.051786775377252
-5.497081436791731 30.750716682727216
4.926479467805668 22.926782172704648
7.297625396383262 18.62134289791145
12.072754928344256 20.221575602777637
25.153094633159508 18.755079558660697
39.90780878119583 3.856809676068176
41.637565832432415 -23.908314540183078
20.94353047135428 -50.063335881534385
-15.845044191083252 -56.15787865711623
-48.92901583808606 -34.68623839211086
-58.920510167624016 3.735077589071288
-41.15300808387518 37.384853908347736
-8.630877809461273 49.13878749195153
18.64811763651147 38.02860441944626
28.84398412288006 17.492607693195172
25.287722538984056 2.573329164188877
20.149076967173578 -2.4373868681029216
