20.149076967173556 -2.437386868102937
26.55084288833873 -1.9789498449101437
34.72481843401566 -22.35765693770917
15.245839602440853 -51.27960248312799
-27.6797701694045 -52.772558050573664
-55.628077507916636 -17.461630055531852
-44.82721685470694 21.90052777907528
-15.832949586837323 32.604010396508485
-2.4996782431834017 22.4513318825523
-5.3776260084332765 22.034151118297245
3.8788664227456238 36.17685968252876
34.89753342340363 35.80360359771063
58.305704369829684 2.2842063441802543
43.80910377305306 -40.3620750132228
2.9128687549886685 -53.33026567840612
-25.051231017327353 -32.66713075729218
-24.17148158194768 -10.864500345190542
-18.10178519148569 -9.254810266470301
-29.717652870335403 -10.064406925130616
-44.1958575159488 12.359790413674215
-29.853073917785814 47.73845305673292
13.156699608251056 58.53965756366115
47.34668079562286 30.344872568375713
45.12077882208281 -7.6815048141767335
22.522050065358712 -21.646748986338388
12.5240561753275 -15.971041740948692
17.374952197599022 -20.173609907527002
8.744903758067549 -40.363405422260726
-25.47971808460207 -47.04059122013864
-56.88838684659241 -17.74328046965033
-51.682227853056084 26.987753807381257
-16.211617315534667 47.18364072383151
11.858930826210552 34.250102864285424
14.10794958428317 17.643028457361922
11.777941856188804 19.383053490685416
28.323675554390523 22.838130052710113
49.993253425229035 0.640688364483438
42.84353673736404 -39.61318114616528
2.437417411020956 -59.518011300240936
-35.65048325432215 -39.76990175304013
-40.81304500981198 -5.385254350965862
-24.774180406208693 9.409456669632808
-19.344034158497774 6.255755962465743
-28.130164250942833 13.896943480181186
-22.511498934328305 39.99088216543542
12.646872873241854 54.86549488630109
50.696980342631775 32.09059732057463
54.93622422459988 -12.022093889919756
26.4735645336917 -37.336852821334645
0.6189313285550497 -31.232057326320984
-2.437386868102981 -20.14907696717356
-1.9789498449101863 -26.55084288833863
-22.357656937709187 -34.72481843401573
-51.279602483127974 -15.245839602440936
-52.77255805057372 27.67977016940447
-17.46163005553206 55.62807750791652
21.900527779075354 44.82721685470675
32.6040103965084 15.832949586837316
22.451331882552314 2.499678243183446
22.034151118297316 5.377626008433573
36.17685968252893 -3.8788664227454817
35.803603597710875 -34.89753342340373
2.284206344180454 -58.30570436982975
-40.3620750132228 -43.80910377305304
-53.330265678406235 -2.912868754988578
-32.66713075729209 25.051231017327506
-10.864500345190525 24.17148158194772
-9.254810266470189 18.101785191485707
-10.064406925130651 29.7176528703354
12.359790413674025 44.19585751594877
47.73845305673288 29.853073917785927
58.53965756366122 -13.156699608250793
30.34487256837585 -47.34668079562287
-7.681504814176662 -45.120778822083096
-21.646748986338544 -22.522050065358794
-15.971041740948845 -12.524056175327399
-20.173609907526917 -17.374952197598986
-40.3634054222606 -8.744903758067672
-47.040591220138616 25.479718084602077
-17.743280469650436 56.888386846592354
26.98775380738089 51.6822278530565
47.18364072383175 16.211617315535022
34.250102864285665 -11.858930826210376
17.64302845736202 -14.107949584283087
19.38305349068511 -11.777941856188917
22.838130052709996 -28.32367555439039
0.640688364483907 -49.99325342522906
-39.613181146165296 -42.843536737364026
-59.518011300240964 -2.437417411021081
-39.76990175303996 35.650483254322566
-5.385254350966136 40.81304500981231
9.409456669632707 24.774180406208693
6.255755962465891 19.344034158497653
13.896943480181399 28.130164250942695
39.990882165435266 22.511498934328277
54.865494886301164 -12.646872873241477
32.090597320574744 -50.696980342631704
-12.022093889919455 -54.93622422459978
-37.33685282133473 -26.47356453369216
-31.23205732632101 -0.6189313285552451
-20.14907696717358 2.4373868681028816
-26.55084288833847 1.9789498449102751
-34.72481843401543 22.357656937708864
-15.245839602440876 51.2796024831276
27.679770169404346 52.77255805057376
55.628077507916686 17.461630055532503
44.82721685470719 -21.90052777907499
15.832949586837533 -32.60401039650881
2.4996782431835083 -22.451331882552232
5.377626008432897 -22.034151118296986
-3.878866422745478 -36.17685968252875
-34.8975334234033 -35.80360359771082
-58.30570436982958 -2.284206344180836
-43.809103773053195 40.36207501322278
-2.912868754988976 53.330265678405965
25.051231017327588 32.667130757292234
24.171481581947457 10.864500345190855
18.101785191485746 9.254810266470006
29.717652870335503 10.064406925130687
44.19585751594843 -12.359790413673727
29.853073917785974 -47.73845305673275
-13.156699608250669 -58.53965756366125
-47.346680795622675 -30.34487256837618
-45.120778822083174 7.681504814176359
-22.522050065358787 21.646748986338196
-12.524056175327653 15.971041740948563
-17.37495219759801 20.173609907526725
-8.744903758067384 40.36340542226036
25.479718084601664 47.04059122013851
56.88838684659241 17.743280469650298
51.68222785305662 -26.987753807380813
16.21161731553489 -47.18364072383171
-11.858930826210372 -34.25010286428555
-14.107949584283272 -17.64302845736201
-11.777941856188804 -19.383053490685157
-28.323675554390462 -22.83813005271032
-49.993253425228936 -0.6406883644832693
-42.84353673736429 39.61318114616499
-2.437417411021208 59.51801130024099
35.65048325432183 39.76990175304016
40.81304500981247 5.385254350966182
24.774180406208824 -9.409456669633137
19.344034158497706 -6.255755962465813
28.13016425094248 -13.896943480181136
22.51149893432853 -39.99088216543481
-12.646872873241625 -54.865494886301185
-50.69698034263164 -32.090597320574844
-54.936224224600075 12.022093889919157
-26.473564533692162 37.33685282133445
-0.6189313285554832 31.232057326320756
2.4373868681030695 20.149076967173563
1.9789498449104705 26.55084288833805
22.357656937709415 34.724818434015845
51.27960248312819 15.245839602440736
52.77255805057387 -27.679770169403948
17.461630055532602 -55.62807750791657
-21.900527779075194 -44.82721685470651
-32.60401039650896 -15.832949586837284
-22.451331882552445 -2.4996782431834355
-22.034151118297018 -5.377626008432699
-36.17685968252847 3.8788664227451903
-35.803603597710534 34.89753342340355
-2.28420634418097 58.305704369829655
40.36207501322265 43.80910377305325
53.33026567840634 2.912868754989038
32.667130757292156 -25.051231017327297
10.864500345190663 -24.171481581947578
9.254810266470372 -18.101785191485636
10.064406925130726 -29.717652870335165
-12.359790413674034 -44.195857515949086
-47.73845305673278 -29.853073917786155
-58.53965756366115 13.156699608251099
-30.344872568376797 47.34668079562247
7.681504814176895 45.120778822082606
21.646748986337844 22.522050065358773
15.971041740949131 12.524056175327159
20.173609907526707 17.374952197598375
40.36340542225983 8.744903758067128
47.04059122013831 -25.479718084602002
17.74328046965094 -56.888386846592155
-26.987753807381196 -51.68222785305642
-47.18364072383139 -16.21161731553589
-34.25010286428538 11.85893082621009
-17.643028457362092 14.107949584282904
-19.383053490685036 11.77794185618896
-22.838130052709765 28.323675554390146
-0.6406883644828945 49.993253425228914
39.6131811461653 42.84353673736399
59.51801130024094 2.4374174110213342
39.76990175304025 -35.65048325432257
5.385254350966552 -40.813045009811354
-9.409456669632787 -24.77418040620872
-6.255755962465473 -19.34403415849789
-13.89694348018135 -28.130164250942343
-39.990882165434925 -22.511498934328785
-54.86549488630118 12.646872873240973
-32.09059732057496 50.696980342631576
12.02209388991914 54.93622422460037
37.336852821333935 26.473564533691658
31.232057326320792 0.6189313285552309
20.14907696717355 -2.437386868102688
