60 1.469576158976824e-14
40.00950320094233 -39.5675303435537
2.3835884540283523 -45.76880310133447
-16.258651755734277 -26.75402510815624
-12.917485967858433 -15.676575970760204
-15.886494155631961 -21.288309290386444
-37.41440446584478 -17.33067324511705
-51.4383154846621 14.540377301389604
-29.77965145757672 51.60334695415655
15.006000089783209 56.36409006961444
42.532540417602 26.180339887499006
36.0819698457967 -4.104215581923411
20.31292483000649 -9.987127085869206
21.425372180020183 -7.301441606040182
28.4159242259609 -22.611686887101822
11.562751882158166 -48.58734361859649
-29.24458588166203 -50.46627472560533
-57.546470050230624 -15.431683076182008
-46.653981082841185 26.090782301193986
-14.201342537704594 38.71061568600567
3.819660112501083 26.286555605956753
1.950971250956 20.219055098465343
7.421349668582128 30.414555487442687
34.04888259914686 30.67797948034415
56.269460046022544 -0.3125220045598258
42.42640687119291 -42.426406871192796
0.3125220045599768 -56.26946004602253
-30.677979480344028 -34.04888259914692
-30.414555487442716 -7.421349668582117
-20.21905509846536 -1.9509712509559662
-26.28655560595677 -3.8196601125011966
-38.710615686005696 14.201342537704447
-26.090782301193997 46.65398108284098
15.431683076181848 57.546470050230624
50.46627472560531 29.24458588166219
48.587343618596364 -11.56275188215809
22.611686887101936 -28.41592422596103
7.301441606040324 -21.425372180020076
9.987127085869105 -20.312924830006466
4.104215581923533 -36.0819698457968
-26.18033988749883 -42.53254041760186
-56.36409006961432 -15.006000089783548
-51.60334695415665 29.779651457576602
-14.54037730138986 51.43831548466203
17.33067324511707 37.41440446584484
21.28830929038651 15.886494155631972
15.67657597076024 12.917485967858335
26.754025108156252 16.258651755734313
45.76880310133441 -2.3835884540282493
39.567530343553706 -40.00950320094218
-3.7138838195303836e-17 -60
-39.567530343553656 -40.009503200942476
-45.7688031013344 -2.3835884540283594
-26.75402510815628 16.258651755734235
-15.676575970760357 12.917485967858164
-21.28830929038669 15.886494155631851
-17.33067324511701 37.41440446584466
14.540377301389622 51.43831548466214
51.603346954156486 29.779651457576833
56.36409006961438 -15.006000089783132
26.180339887499066 -42.53254041760183
-4.104215581923178 -36.081969845796685
-9.987127085868899 -20.312924830006512
-7.301441606040157 -21.425372180020194
-22.61168688710178 -28.415924225960627
-48.58734361859619 -11.562751882158132
-50.46627472560532 29.24458588166204
-15.431683076182132 57.5464700502306
26.09078230119396 46.65398108284114
38.71061568600565 14.201342537704722
26.286555605956845 -3.8196601125010687
20.21905509846534 -1.9509712509560417
30.41455548744251 -7.421349668582138
30.67797948034412 -34.04888259914685
-0.31252200455996615 -56.2694600460226
-42.42640687119281 -42.426406871192896
-56.269460046022644 -0.3125220045603463
-34.0488825991471 30.677979480343957
-7.4213496685820814 30.414555487442467
-1.9509712509557895 20.21905509846542
-3.8196601125009924 26.286555605956522
14.201342537704454 38.71061568600565
46.653981082840914 26.09078230119425
57.5464700502307 -15.431683076181736
29.244585881662182 -50.46627472560533
-11.56275188215811 -48.58734361859638
-28.415924225960776 -22.611686887102188
-21.42537218001999 -7.301441606040367
-20.312924830006434 -9.987127085868924
-36.08196984579646 -4.104215581923105
-42.53254041760194 26.18033988749875
-15.006000089783555 56.36409006961439
29.779651457576488 51.603346954156706
51.43831548466215 14.540377301389483
37.414404465844854 -17.330673245117097
15.88649415563211 -21.28830929038644
12.91748596785817 -15.676575970760322
16.258651755734792 -26.75402510815633
-2.3835884540282173 -45.76880310133458
-40.00950320094217 -39.56753034355389
-60 -4.1155560218990125e-13
-40.00950320094261 39.567530343553635
-2.383588454028267 45.768803101334306
16.258651755734842 26.754025108156597
12.917485967858331 15.676575970760275
15.886494155631972 21.288309290386255
37.41440446584452 17.33067324511724
51.438315484661956 -14.540377301389242
29.779651457576712 -51.60334695415658
-15.00600008978303 -56.36409006961447
-42.5325404176019 -26.180339887499194
-36.081969845796856 4.10421558192321
-20.312924830006473 9.987127085868806
-21.42537218001962 7.30144160604063
-28.415924225961223 22.611686887101666
-11.562751882158047 48.5873436185963
29.244585881661468 50.46627472560569
57.546470050230596 15.431683076182258
46.653981082841014 -26.09078230119404
14.201342537704619 -38.71061568600557
-3.8196601125010226 -26.28655560595675
-1.9509712509559405 -20.219055098465343
-7.421349668581975 -30.414555487443096
-34.04888259914691 -30.67797948034439
-56.269460046022594 0.31252200455958423
-42.42640687119319 42.42640687119252
-0.3125220045599306 56.269460046022665
30.677979480344295 34.04888259914717
30.414555487443213 7.421349668582106
20.219055098465383 1.950971250955881
26.286555605956618 3.8196601125010368
38.71061568600551 -14.20134253770438
26.090782301194277 -46.65398108284078
-15.431683076181889 -57.546470050230674
-50.46627472560509 -29.244585881662807
-48.58734361859648 11.562751882157787
-22.61168688710188 28.41592422596124
-7.301441606040342 21.425372180020204
-9.987127085868742 20.312924830006402
-4.104215581923871 36.08196984579691
26.180339887498885 42.532540417601965
56.36409006961433 15.006000089783374
51.60334695415679 -29.779651457576396
14.540377301389576 -51.438315484661956
-17.33067324511683 -37.41440446584472
-21.288309290386337 -15.886494155632079
-15.676575970760133 -12.917485967858497
-26.754025108156426 -16.25865175573485
-45.76880310133433 2.383588454027759
-39.56753034355407 40.00950320094216
2.950293969412238e-14 60
39.56753034355369 40.009503200942476
45.76880310133517 2.383588454028775
26.75402510815694 -16.258651755734878
15.676575970760311 -12.917485967858237
21.288309290386046 -15.886494155631787
17.330673245117296 -37.41440446584521
-14.540377301390139 -51.43831548466205
-51.603346954156194 -29.77965145757728
-56.36409006961469 15.006000089782978
-26.180339887499763 42.53254041760184
4.104215581923475 36.08196984579628
9.98712708586898 20.31292483000662
7.30144160604036 21.425372180019888
22.611686887101477 28.415924225960605
48.58734361859646 11.562751882158237
50.46627472560547 -29.244585881661838
15.431683076182374 -57.546470050230525
-26.090782301193627 -46.653981082841476
-38.71061568600528 -14.20134253770471
-26.286555605956565 3.819660112500701
-20.219055098465315 1.9509712509561261
-30.414555487442833 7.421349668581765
-30.67797948034412 34.04888259914711
0.3125220045594457 56.269460046022715
42.426406871192825 42.426406871192874
56.269460046022814 0.31252200456056656
34.04888259914751 -30.677979480344685
7.421349668581833 -30.41455548744273
1.9509712509557158 -20.219055098465475
3.819660112500479 -26.28655560595616
-14.20134253770356 -38.71061568600578
-46.65398108284138 -26.090782301194274
-57.5464700502308 15.43168307618121
-29.24458588166244 50.4662747256053
11.562751882157897 48.58734361859692
28.41592422596144 22.611686887101676
21.425372180020297 7.301441606040164
20.3129248300064 9.987127085869119
36.081969845796124 4.104215581923045
42.53254041760266 -26.180339887498526
15.006000089783521 -56.36409006961438
-29.779651457576264 -51.60334695415682
-51.43831548466231 -14.540377301389722
-37.41440446584401 17.33067324511649
-15.88649415563226 21.288309290386547
-12.917485967857836 15.676575970760489
-16.25865175573387 26.75402510815568
2.383588454027908 45.76880310133504
40.009503200942454 39.56753034355377
60 9.787270702993412e-14
20.149076967173556 -2.437386868102937
26.55084288833873 -1.9789498449101437
34.72481843401566 -22.35765693770917
15.245839602440853 -51.27960248312799
-27.6797701694045 -52.772558050573664
-55.628077507916636 -17.461630055531852
-44.82721685470694 21.90052777907528
-15.832949586837323 32.604010396508485
-2.4996782431834017 22.4513318825523
-5.3776260084332765 22.034151118297245
3.8788664227456238 36.17685968252876
34.89753342340363 35.80360359771063
58.305704369829684 2.2842063441802543
43.80910377305306 -40.3620750132228
2.9128687549886685 -53.33026567840612
-25.051231017327353 -32.66713075729218
-24.17148158194768 -10.864500345190542
-18.10178519148569 -9.254810266470301
-29.717652870335403 -10.064406925130616
-44.1958575159488 12.359790413674215
-29.853073917785814 47.73845305673292
13.156699608251056 58.53965756366115
47.34668079562286 30.344872568375713
45.12077882208281 -7.6815048141767335
22.522050065358712 -21.646748986338388
12.5240561753275 -15.971041740948692
17.374952197599022 -20.173609907527002
8.744903758067549 -40.363405422260726
-25.47971808460207 -47.04059122013864
-56.88838684659241 -17.74328046965033
-51.682227853056084 26.987753807381257
-16.211617315534667 47.18364072383151
11.858930826210552 34.250102864285424
14.10794958428317 17.643028457361922
11.777941856188804 19.383053490685416
28.323675554390523 22.838130052710113
49.993253425229035 0.640688364483438
42.84353673736404 -39.61318114616528
2.437417411020956 -59.518011300240936
-35.65048325432215 -39.76990175304013
-40.81304500981198 -5.385254350965862
-24.774180406208693 9.409456669632808
-19.344034158497774 6.255755962465743
-28.130164250942833 13.896943480181186
-22.511498934328305 39.99088216543542
12.646872873241854 54.86549488630109
50.696980342631775 32.09059732057463
54.93622422459988 -12.022093889919756
26.4735645336917 -37.336852821334645
0.6189313285550497 -31.232057326320984
-2.437386868102981 -20.14907696717356
-1.9789498449101863 -26.55084288833863
-22.357656937709187 -34.72481843401573
-51.279602483127974 -15.245839602440936
-52.77255805057372 27.67977016940447
-17.46163005553206 55.62807750791652
21.900527779075354 44.82721685470675
32.6040103965084 15.832949586837316
22.451331882552314 2.499678243183446
22.034151118297316 5.377626008433573
36.17685968252893 -3.8788664227454817
35.803603597710875 -34.89753342340373
2.284206344180454 -58.30570436982975
-40.3620750132228 -43.80910377305304
-53.330265678406235 -2.912868754988578
-32.66713075729209 25.051231017327506
-10.864500345190525 24.17148158194772
-9.254810266470189 18.101785191485707
-10.064406925130651 29.7176528703354
12.359790413674025 44.19585751594877
47.73845305673288 29.853073917785927
58.53965756366122 -13.156699608250793
30.34487256837585 -47.34668079562287
-7.681504814176662 -45.120778822083096
-21.646748986338544 -22.522050065358794
-15.971041740948845 -12.524056175327399
-20.173609907526917 -17.374952197598986
-40.3634054222606 -8.744903758067672
-47.040591220138616 25.479718084602077
-17.743280469650436 56.888386846592354
26.98775380738089 51.6822278530565
47.18364072383175 16.211617315535022
34.250102864285665 -11.858930826210376
17.64302845736202 -14.107949584283087
19.38305349068511 -11.777941856188917
22.838130052709996 -28.32367555439039
0.640688364483907 -49.99325342522906
-39.613181146165296 -42.843536737364026
-59.518011300240964 -2.437417411021081
-39.76990175303996 35.650483254322566
-5.385254350966136 40.81304500981231
9.409456669632707 24.774180406208693
6.255755962465891 19.344034158497653
13.896943480181399 28.130164250942695
39.990882165435266 22.511498934328277
54.865494886301164 -12.646872873241477
32.090597320574744 -50.696980342631704
-12.022093889919455 -54.93622422459978
-37.33685282133473 -26.47356453369216
-31.23205732632101 -0.6189313285552451
-20.14907696717358 2.4373868681028816
-26.55084288833847 1.9789498449102751
-34.72481843401543 22.357656937708864
-15.245839602440876 51.2796024831276
27.679770169404346 52.77255805057376
55.628077507916686 17.461630055532503
44.82721685470719 -21.90052777907499
15.832949586837533 -32.60401039650881
2.4996782431835083 -22.451331882552232
5.377626008432897 -22.034151118296986
-3.878866422745478 -36.17685968252875
-34.8975334234033 -35.80360359771082
-58.30570436982958 -2.284206344180836
-43.809103773053195 40.36207501322278
-2.912868754988976 53.330265678405965
25.051231017327588 32.667130757292234
24.171481581947457 10.864500345190855
18.101785191485746 9.254810266470006
29.717652870335503 10.064406925130687
44.19585751594843 -12.359790413673727
29.853073917785974 -47.73845305673275
-13.156699608250669 -58.53965756366125
-47.346680795622675 -30.34487256837618
-45.120778822083174 7.681504814176359
-22.522050065358787 21.646748986338196
-12.524056175327653 15.971041740948563
-17.37495219759801 20.173609907526725
-8.744903758067384 40.36340542226036
25.479718084601664 47.04059122013851
56.88838684659241 17.743280469650298
51.68222785305662 -26.987753807380813
16.21161731553489 -47.18364072383171
-11.858930826210372 -34.25010286428555
-14.107949584283272 -17.64302845736201
-11.777941856188804 -19.383053490685157
-28.323675554390462 -22.83813005271032
-49.993253425228936 -0.6406883644832693
-42.84353673736429 39.61318114616499
-2.437417411021208 59.51801130024099
35.65048325432183 39.76990175304016
40.81304500981247 5.385254350966182
24.774180406208824 -9.409456669633137
19.344034158497706 -6.255755962465813
28.13016425094248 -13.896943480181136
22.51149893432853 -39.99088216543481
-12.646872873241625 -54.865494886301185
-50.69698034263164 -32.090597320574844
-54.936224224600075 12.022093889919157
-26.473564533692162 37.33685282133445
-0.6189313285554832 31.232057326320756
2.4373868681030695 20.149076967173563
1.9789498449104705 26.55084288833805
22.357656937709415 34.724818434015845
51.27960248312819 15.245839602440736
52.77255805057387 -27.679770169403948
17.461630055532602 -55.62807750791657
-21.900527779075194 -44.82721685470651
-32.60401039650896 -15.832949586837284
-22.451331882552445 -2.4996782431834355
-22.034151118297018 -5.377626008432699
-36.17685968252847 3.8788664227451903
-35.803603597710534 34.89753342340355
-2.28420634418097 58.305704369829655
40.36207501322265 43.80910377305325
53.33026567840634 2.912868754989038
32.667130757292156 -25.051231017327297
10.864500345190663 -24.171481581947578
9.254810266470372 -18.101785191485636
10.064406925130726 -29.717652870335165
-12.359790413674034 -44.195857515949086
-47.73845305673278 -29.853073917786155
-58.53965756366115 13.156699608251099
-30.344872568376797 47.34668079562247
7.681504814176895 45.120778822082606
21.646748986337844 22.522050065358773
15.971041740949131 12.524056175327159
20.173609907526707 17.374952197598375
40.36340542225983 8.744903758067128
47.04059122013831 -25.479718084602002
17.74328046965094 -56.888386846592155
-26.987753807381196 -51.68222785305642
-47.18364072383139 -16.21161731553589
-34.25010286428538 11.85893082621009
-17.643028457362092 14.107949584282904
-19.383053490685036 11.77794185618896
-22.838130052709765 28.323675554390146
-0.6406883644828945 49.993253425228914
39.6131811461653 42.84353673736399
59.51801130024094 2.4374174110213342
39.76990175304025 -35.65048325432257
5.385254350966552 -40.813045009811354
-9.409456669632787 -24.77418040620872
-6.255755962465473 -19.34403415849789
-13.89694348018135 -28.130164250942343
-39.990882165434925 -22.511498934328785
-54.86549488630118 12.646872873240973
-32.09059732057496 50.696980342631576
12.02209388991914 54.93622422460037
37.336852821333935 26.473564533691658
31.232057326320792 0.6189313285552309
20.14907696717355 -2.437386868102688
45.176380902050404 19.31851652578138
54.42529474965467 -19.942808232347673
25.250962809190405 -54.13707377208006
-17.91485517732703 -51.0480933994962
-36.70899237185273 -20.86396326560162
-27.505528106018787 0.11128916327019667
-20.106112327701986 -0.20269066751354003
-30.161562399734233 2.6978884548254527
-35.215893843544244 27.867466253432717
-9.304079547061518 54.96237969715831
34.404190791999405 49.13409113390642
55.856574978000594 10.105279686501818
39.4751523702542 -25.012232729882363
12.342949159074465 -29.89467855842432
4.185866197453567 -20.193205575792774
7.125233525568005 -24.64463711425765
-7.490584161903705 -39.52515169847802
-40.97060569249103 -33.26943755122171
-59.15894534115547 5.196509573571631
-37.75475451426042 44.88973764471611
3.1822394541414276 50.62866847280297
25.14871383853589 27.622399123861303
21.002698051186336 10.203376896664679
18.42929082510054 11.997157316153041
33.972657293573526 9.475090111598583
45.60477932315062 -18.28427124746183
24.382800048561524 -52.58618992255333
-20.425564943966286 -56.135819011702054
-48.76416858929092 -23.428737429565164
-40.710227344196305 11.204127529128321
-19.370652121862168 19.528038765903876
-14.360492315698657 14.07384442473438
-19.41975008274121 23.235140525325257
-5.196122980026143 44.606671704605326
32.28529365358409 45.443249134436776
59.0704856384816 10.41561241796456
46.64207473291116 -32.35105114868696
10.226828553463132 -45.599467305294816
-12.410946879831663 -29.866512980276276
-11.318898223177928 -17.23860696989611
-12.388089079906486 -22.464690966839772
-33.245145649351215 -22.65185993749033
-52.49563801321179 5.44554821574922
-38.157204260602335 45.50617857654838
5.045194955196778 58.438480833330786
38.05005789694735 33.54969170218184
37.31481182647253 1.749159639775133
22.066027209841064 -7.636273220573556
21.51474780810117 -4.548205221674065
30.722196817477347 -17.322395876947613
19.31851652578139 -45.17638090205025
-19.94280823234769 -54.425294749654675
-54.13707377208001 -25.25096280919052
-51.04809339949633 17.914855177326867
-20.86396326560173 36.70899237185259
0.11128916327000127 27.50552810601875
-0.20269066751356668 20.106112327701993
2.697888454825428 30.16156239973417
27.867466253432525 35.21589384354428
54.96237969715831 9.304079547061711
49.13409113390658 -34.404190791999184
10.105279686501998 -55.85657497800048
-25.01223272988211 -39.47515237025432
-29.89467855842451 -12.342949159074546
-20.193205575792998 -4.185866197453153
-24.64463711425752 -7.125233525567719
-39.525151698477856 7.490584161903662
-33.2694375512218 40.970605692490714
5.196509573571435 59.15894534115546
44.88973764471591 37.75475451426077
50.62866847280294 -3.182239454141314
27.6223991238612 -25.148713838535844
10.203376896664697 -21.002698051186236
11.997157316153283 -18.42929082510056
9.475090111598519 -33.97265729357337
-18.28427124746198 -45.60477932315084
-52.58618992255319 -24.38280004856174
-56.1358190117021 20.425564943966165
-23.42873742956516 48.764168589290946
11.20412752912836 40.710227344196184
19.52803876590392 19.370652121862165
14.073844424734322 14.360492315698735
23.2351405253252 19.41975008274145
44.60667170460554 5.19612298002634
45.44324913443675 -32.28529365358424
10.415612417964269 -59.07048563848166
-32.351051148686516 -46.64207473291144
-45.59946730529465 -10.226828553462923
-29.86651298027642 12.410946879831773
-17.23860696989592 11.318898223178365
-22.46469096683999 12.388089079906415
-22.651859937490574 33.2451456493516
5.445548215749218 52.49563801321191
45.5061785765491 38.157204260601645
58.43848083333084 -5.045194955196663
33.54969170218154 -38.05005789694708
1.7491596397750335 -37.31481182647214
-7.636273220573045 -22.066027209840993
-4.548205221673879 -21.51474780810132
-17.3223958769477 -30.72219681747792
-45.176380902050646 -19.31851652578154
-54.425294749654654 19.942808232347275
-25.250962809190376 54.13707377208006
17.91485517732725 51.04809339949621
36.708992371852716 20.863963265601836
27.505528106019035 -0.11128916327034588
20.106112327702025 0.20269066751394682
30.161562399734287 -2.697888454825435
35.21589384354431 -27.867466253432653
9.304079547061804 -54.96237969715821
-34.40419079199955 -49.13409113390634
-55.85657497800046 -10.10527968650185
-39.475152370254186 25.012232729882143
-12.342949159074323 29.894678558424637
-4.1858661974542475 20.193205575792433
-7.125233525567574 24.644637114257407
7.490584161903424 39.525151698478574
40.970605692491134 33.2694375512217
59.15894534115547 -5.196509573571589
37.75475451426063 -44.88973764471597
-3.182239454141598 -50.62866847280263
-25.148713838535524 -27.62239912386115
-21.00269805118593 -10.203376896664913
-18.42929082510048 -11.997157316153373
-33.97265729357411 -9.47509011159893
-45.604779323150794 18.28427124746142
-24.382800048561542 52.58618992255315
20.425564943966577 56.13581901170195
48.76416858929094 23.428737429565015
40.71022734419635 -11.204127529128375
19.370652121862214 -19.528038765904093
14.360492315698815 -14.073844424734267
19.419750082741523 -23.235140525325285
5.196122980026367 -44.606671704605375
-32.28529365358392 -45.443249134436954
-59.07048563848164 -10.415612417964397
-46.64207473291136 32.351051148687
-10.22682855346323 45.599467305294596
12.410946879831737 29.86651298027632
11.31889822317776 17.23860696989621
12.38808907990644 22.46469096683981
33.24514564935175 22.651859937490304
52.495638013211966 -5.445548215749351
38.15720426060213 -45.50617857654861
-5.045194955196527 -58.438480833330786
-38.050057896947095 -33.5496917021814
-37.314811826472436 -1.7491596397753248
-22.066027209840936 7.636273220572962
-21.514747808101532 4.548205221673571
-30.72219681747776 17.322395876947343
-19.31851652578134 45.17638090205022
19.942808232346856 54.425294749654626
54.137073772080115 25.250962809190224
51.04809339949612 -17.914855177327066
20.863963265602152 -36.708992371853014
-0.1112891632702997 -27.505528106019327
0.20269066751404408 -20.106112327702043
-2.697888454825762 -30.16156239973367
-27.86746625343215 -35.21589384354436
-54.9623796971579 -9.304079547061825
-49.134091133907035 34.404190791998495
-10.105279686501984 55.85657497800071
25.01223272988189 39.47515237025466
29.894678558424854 12.342949159074596
20.19320557579308 4.185866197453095
24.644637114257534 7.12523352556792
39.52515169847798 -7.490584161903474
33.26943755122202 -40.97060569249061
-5.196509573570902 -59.158945341155466
-44.88973764471584 -37.75475451426068
-50.6286684728029 3.1822394541410777
-27.62239912386144 25.148713838536082
-10.203376896664771 21.002698051186698
-11.997157316153197 18.429290825100573
-9.475090111599073 33.97265729357374
18.284271247461255 45.60477932315035
52.58618992255277 24.382800048562096
56.13581901170233 -20.42556494396598
23.428737429565217 -48.764168589291245
-11.20412752912809 -40.71022734419673
-19.528038765904803 -19.370652121862275
-14.07384442473433 -14.360492315698627
-23.235140525324976 -19.419750082741416
-44.60667170460505 -5.196122980026759
-45.44324913443674 32.28529365358368
-10.415612417965072 59.070485638481486
32.351051148687354 46.642074732911134
45.59946730529511 10.226828553463298
29.866512980276667 -12.4109468798317
17.238606969895763 -11.318898223179001
22.464690966840603 -12.38808907990595
22.651859937490414 -33.245145649351315
-5.44554821574876 -52.49563801321183
-45.50617857654844 -38.15720426060214
-58.438480833330935 5.045194955195863
-33.549691702182514 38.05005789694697
-1.74915963977514 37.31481182647304
7.636273220574179 22.06602720984139
4.548205221673259 21.514747808101745
17.32239587694757 30.722196817477595
45.17638090205035 19.31851652578156
145.1763809020504 19.31851652578138
154.37595078622783 -23.083884140160503
125.05363565201756 -60.4161257250114
81.64134128298097 -60.458924731347636
62.50247775959505 -33.39728662203204
71.26330595349499 -15.53215734075289
78.12261274516689 -18.940822126086
67.43011379414051 -19.116435684828804
61.642422269318864 2.998477536947238
86.72528902063279 27.063269093235384
129.50984242151475 18.232391696411685
149.94465187342314 -23.76851233802732
132.45280095907935 -61.82468799835016
104.11841172747258 -69.60946762190238
94.66857144405552 -62.77113473230005
96.2258859444048 -70.04368708821232
80.14008384248265 -87.70051910864956
45.10359700790334 -84.17357912625884
25.27384720904604 -48.38616992432804
44.95330291319576 -11.318600140496955
84.08393889163617 -8.149856756444343
104.16421507610494 -33.66830624143634
98.05402232876526 -53.53902207820428
93.44039778814648 -54.134029216212134
106.86952003571469 -58.97962048127028
116.31545744180538 -88.99494936611657
92.8375106414304 -125.48305266469448
45.70562158839889 -131.146925974748
14.978230385578044 -100.48006170714409
20.580478021101356 -67.8113737084407
39.40787310738514 -61.37366067159087
41.847845469514404 -68.63421300272181
34.162929415158445 -61.197652024876255
45.708018595010984 -41.46753099578904
80.46066106375561 -42.18741886994959
104.46953561243629 -78.68504000087222
89.22000388941842 -122.83375639528892
49.94161761694119 -137.37492987369293
24.401508388636145 -122.8441615691014
22.554893801351216 -111.32668386531866
18.51361035758826 -117.57034259635512
-5.346035045428266 -118.68122850518462
-27.626649296726292 -91.4127678971139
-16.342880120948063 -52.085497617326354
23.783326413769252 -39.79024423953807
53.69350440097044 -65.21914235733195
49.84813518290295 -97.46231049167265
31.476858541692515 -107.19246968088156
27.793799761032524 -104.35087806450122
33.86327272529019 -117.27305191352077
19.318516525781398 -145.17638090205025
-23.083884140160517 -154.37595078622783
-60.41612572501135 -125.05363565201768
-60.45892473134777 -81.64134128298113
-33.39728662203217 -62.502477759595195
-15.532157340753102 -71.263305953495
-18.940822126086047 -78.12261274516686
-19.116435684828808 -67.43011379414058
2.998477536947064 -61.64242226931884
27.063269093235395 -86.7252890206326
18.232391696411845 -129.50984242151455
-23.76851233802714 -149.94465187342303
-61.824687998349916 -132.45280095907947
-69.60946762190255 -104.11841172747268
-62.77113473230027 -94.6685714440551
-70.0436870882122 -96.22588594440451
-87.7005191086494 -80.14008384248268
-84.17357912625893 -45.10359700790365
-48.38616992432826 -25.27384720904604
-11.318600140497125 -44.953302913195444
-8.149856756444358 -84.08393889163605
-33.668306241436426 -104.1642150761049
-53.53902207820428 -98.05402232876517
-54.13402921621189 -93.44039778814653
-58.97962048127036 -106.86952003571452
-88.99494936611671 -116.31545744180559
-125.48305266469433 -92.83751064143061
-131.14692597474806 -45.70562158839901
-100.48006170714407 -14.978230385578037
-67.81137370844068 -20.580478021101456
-61.37366067159081 -39.40787310738516
-68.63421300272188 -41.84784546951431
-61.197652024876284 -34.162929415158246
-41.46753099578881 -45.708018595010806
-42.1874188699496 -80.4606610637558
-78.6850400008725 -104.46953561243635
-122.83375639528845 -89.22000388941873
-137.37492987369276 -49.94161761694099
-122.84416156910154 -24.401508388636042
-111.32668386531847 -22.554893801350765
-117.57034259635535 -18.513610357588338
-118.68122850518488 5.346035045428689
-91.4127678971139 27.626649296726427
-52.08549761732565 16.342880120947413
-39.79024423953801 -23.783326413769164
-65.21914235733223 -53.69350440097018
-97.46231049167275 -49.848135182902595
-107.19246968088105 -31.47685854169243
-104.35087806450103 -27.793799761032677
-117.27305191352086 -33.86327272529074
-145.17638090205065 -19.31851652578155
-154.3759507862278 23.083884140160073
-125.05363565201753 60.41612572501139
-81.64134128298075 60.45892473134762
-62.50247775959507 33.39728662203227
-71.26330595349475 15.532157340752727
-78.12261274516683 18.940822126086424
-67.43011379414045 19.116435684828815
-61.6424222693188 -2.998477536947153
-86.7252890206325 -27.063269093235284
-129.5098424215149 -18.232391696411565
-149.944651873423 23.768512338027293
-132.4528009590793 61.82468799834997
-104.11841172747246 69.60946762190264
-94.66857144405621 62.77113473229966
-96.2258859444044 70.04368708821204
-80.14008384248294 87.70051910865007
-45.10359700790325 84.17357912625879
-25.27384720904604 48.38616992432805
-44.95330291319558 11.318600140497054
-84.08393889163634 8.14985675644467
-104.1642150761046 33.668306241436476
-98.05402232876486 53.53902207820405
-93.44039778814646 54.1340292162118
-106.86952003571525 58.97962048126995
-116.31545744180556 88.99494936611616
-92.83751064143044 125.4830526646943
-45.705621588398614 131.1469259747479
-14.978230385578016 100.48006170714396
-20.5804780211013 67.81137370844067
-39.40787310738511 61.373660671590635
-41.847845469514276 68.63421300272189
-34.16292941515811 61.19765202487624
-45.70801859501074 41.467530995789005
-80.46066106375545 42.18741886994941
-104.46953561243633 78.68504000087238
-89.22000388941858 122.83375639528899
-49.94161761694126 137.37492987369274
-24.40150838863612 122.84416156910143
-22.55489380135146 111.32668386531873
-18.513610357588316 117.57034259635516
5.346035045428788 118.68122850518459
27.626649296726438 91.41276789711374
16.342880120947804 52.085497617326105
-23.78332641376899 39.79024423953808
-53.6935044009702 65.21914235733237
-49.848135182902894 97.46231049167245
-31.476858541692422 107.19246968088096
-27.79379976103285 104.35087806450072
-33.863272725290585 117.2730519135205
-19.31851652578136 145.17638090205023
23.08388414015965 154.3759507862278
60.4161257250114 125.05363565201738
60.458924731347565 81.64134128298093
33.397286622032574 62.50247775959477
15.532157340752768 71.26330595349445
18.94082212608647 78.12261274516683
19.116435684828527 67.43011379414106
-2.9984775369466554 61.64242226931875
-27.06326909323498 86.72528902063249
-18.23239169641231 129.50984242151387
23.768512338027204 149.94465187342325
61.82468799834972 132.45280095907978
69.60946762190285 104.11841172747275
62.77113473230026 94.66857144405509
70.0436870882122 96.22588594440472
87.70051910864947 80.14008384248291
84.17357912625911 45.10359700790377
48.3861699243287 25.27384720904609
11.318600140497225 44.9533029131955
8.149856756444393 84.08393889163584
33.66830624143617 104.16421507610515
53.53902207820416 98.05402232876565
54.13402921621199 93.44039778814653
58.97962048126979 106.86952003571488
88.994949366116 116.31545744180512
125.4830526646939 92.83751064143098
131.14692597474826 45.705621588399254
100.48006170714416 14.978230385577717
67.81137370844094 20.580478021100916
61.373660671589924 39.40787310738506
68.63421300272182 41.84784546951446
61.19765202487653 34.16292941515822
41.46753099578933 45.708018595010365
42.187418869949624 80.46066106375521
78.68504000087171 104.46953561243618
122.83375639528933 89.22000388941836
137.37492987369325 49.941617616941336
122.84416156910179 24.401508388636174
111.32668386531827 22.55489380135022
117.57034259635596 18.513610357588814
118.6812285051847 -5.346035045428348
91.41276789711434 -27.626649296726296
52.085497617326276 -16.34288012094781
39.790244239537934 23.783326413768332
65.21914235733125 53.69350440097008
97.46231049167264 49.848135182903505
107.19246968088218 31.47685854169288
104.3508780645004 27.79379976103307
117.27305191352073 33.86327272529043
145.17638090205034 19.318516525781586
